  Frame #         RMSD         rGyr      intraHB        MolSA         SASA          PSA
        0        0.000        4.624            0      404.667       55.025      101.535
        1        0.744        4.561            0      396.954       38.788      102.253
        2        0.780        4.512            0      396.325       43.071      103.731
        3        0.989        4.471            0      388.947       36.203      102.816
        4        0.906        4.533            0      396.420       28.046      104.289
        5        0.466        4.647            0      408.594       36.864       99.936
        6        0.665        4.735            0      404.889       54.734      100.937
        7        0.571        4.562            0      396.660       27.978       99.596
        8        0.990        4.672            0      400.397       45.715      102.614
        9        0.788        4.512            0      396.364       34.960      101.084
       10        0.577        4.671            0      399.634       40.265       99.628
       11        0.915        4.526            0      393.409       39.249      102.104
       12        0.813        4.659            0      406.063       50.085      103.415
       13        1.515        4.714            0      399.799       38.923      102.295
       14        0.910        4.592            0      398.923       33.186       99.059
       15        0.659        4.607            0      398.591       30.622       99.964
       16        0.925        4.701            0      412.119       31.406      103.572
       17        1.038        4.583            0      398.964       35.201       99.088
       18        1.041        4.570            0      392.318       52.861      104.363
       19        0.739        4.555            0      394.941       53.496      102.937
       20        0.820        4.599            0      397.573       53.828      103.449
       21        0.663        4.623            0      399.249       37.710      100.548
       22        0.768        4.591            0      396.920       56.743       98.898
       23        0.750        4.684            0      408.050       46.394      105.211
       24        0.914        4.543            0      397.985       65.206      102.633
       25        0.913        4.738            0      413.106       76.810      100.254
       26        0.730        4.600            0      400.063       61.100       99.213
       27        0.812        4.679            0      401.701       58.550      101.671
       28        0.591        4.578            0      400.798       96.382       98.572
       29        0.835        4.560            0      405.593       79.779       98.059
       30        1.166        4.618            0      406.075       61.572      100.918
       31        0.940        4.634            0      399.225       81.183       99.913
       32        1.030        4.578            0      393.750       76.899      101.536
       33        1.393        4.581            0      395.346       72.481       99.742
       34        0.875        4.634            0      410.155       68.753      104.575
       35        0.867        4.594            0      400.078       76.757      103.320
       36        1.121        4.720            0      418.165       68.778      103.620
       37        0.962        4.675            0      404.354       82.976       99.922
       38        0.851        4.608            0      408.064       82.810      103.539
       39        1.032        4.609            0      401.244       80.706       98.942
       40        0.910        4.753            0      412.384      105.581      102.048
       41        0.621        4.532            0      392.861       85.813      105.151
       42        0.629        4.714            0      416.616       90.762       97.045
       43        1.470        4.890            0      413.326       94.403       97.784
       44        1.316        4.867            0      410.910       73.549       99.571
       45        1.358        4.547            0      393.755       78.514      104.082
       46        1.134        4.701            0      404.907       87.160      103.061
       47        0.818        4.675            0      402.789       89.292      103.547
       48        0.781        4.533            0      394.431       89.121      102.320
       49        1.283        4.629            0      402.336      106.810      102.344
       50        1.000        4.639            0      406.348       92.863      103.763
       51        1.036        4.494            0      393.103      100.263      103.138
       52        0.811        4.716            0      415.644       98.190      100.695
       53        0.873        4.657            0      405.047      120.906      104.009
       54        1.046        4.582            0      393.845       75.369       99.075
       55        1.316        4.587            0      397.790       86.701       98.673
       56        1.260        4.736            0      412.765       94.962      101.554
       57        1.011        4.968            0      428.181       94.870      100.975
       58        1.437        4.582            0      396.177       89.316      105.831
       59        1.371        4.530            0      392.234       85.722       99.871
       60        1.481        4.878            0      412.757      105.507      100.014
       61        1.443        4.702            0      406.367       83.744      100.863
       62        1.487        4.749            0      402.372      102.849      102.324
       63        1.655        4.819            0      407.559      138.983       99.673
       64        1.834        4.987            0      414.341      141.993       97.650
       65        1.610        4.787            0      406.961      139.084      103.178
       66        1.489        4.959            0      423.496      132.226       99.830
       67        1.675        5.046            0      420.459      122.447      100.177
       68        1.515        4.688            0      396.901      121.587       98.108
       69        1.777        4.918            0      417.489      143.688      103.016
       70        1.492        4.863            0      406.524      143.527      103.554
       71        1.710        4.909            0      409.229      132.884      101.512
       72        1.586        4.664            0      398.626      117.395      101.660
       73        1.467        4.890            0      411.737      111.945      100.765
       74        1.578        4.918            0      411.499      106.166       98.426
       75        1.639        4.819            0      411.788       93.240      100.713
       76        1.543        4.760            0      402.934      116.408       99.727
       77        1.642        4.878            0      411.791      104.408       97.782
       78        1.607        4.845            0      412.068      115.946      100.196
       79        1.615        4.756            0      403.395      109.333       98.329
       80        1.531        4.786            0      407.032      105.895       99.472
       81        1.562        4.759            0      404.783      129.326       99.439
       82        1.521        4.867            0      409.380       98.995      100.171
       83        1.550        4.793            0      407.007       85.949      101.940
       84        1.418        4.856            0      413.948       96.350      101.399
       85        1.481        4.827            0      411.601      104.234       97.100
       86        1.606        4.771            0      406.744       93.265       97.473
       87        1.663        4.613            0      396.748       90.025      101.275
       88        1.488        4.810            0      405.105       89.948       99.245
       89        1.657        4.761            0      403.166       93.185       94.021
       90        1.624        4.771            0      404.222       94.132       99.265
       91        1.575        4.790            0      409.221      117.828       98.876
       92        1.669        4.688            0      400.410       89.671      101.262
       93        1.595        4.707            0      404.297      110.936      100.732
       94        1.274        4.754            0      410.646      106.066      101.121
       95        1.580        4.852            0      406.801      110.583       96.847
       96        1.241        4.855            0      412.745      106.006       99.385
       97        1.478        4.824            0      418.816       99.345       99.526
       98        1.678        4.925            0      416.708       98.340       98.323
       99        1.408        4.843            0      415.455      106.362      100.694
      100        1.410        4.742            0      404.901      116.281      101.955
      101        1.453        4.824            0      415.802      107.858       98.208
      102        1.548        4.802            0      404.426       96.322       98.520
      103        1.382        4.711            0      405.149      112.214       98.656
      104        1.440        4.811            0      405.828      102.283      103.070
      105        1.541        4.809            0      410.492      108.796       94.821
      106        1.429        4.678            0      405.240      131.834      100.324
      107        1.453        4.794            0      406.672      114.857      103.235
      108        1.476        4.792            0      407.124       99.214      101.517
      109        1.749        4.745            0      411.348      117.333       96.145
      110        1.418        4.704            0      401.157       77.832      103.013
      111        1.555        4.756            0      401.701       86.480      102.811
      112        1.719        4.890            0      415.008      115.548      102.142
      113        1.702        4.642            0      396.915      121.689       98.095
      114        1.531        4.780            0      404.419      100.730       99.695
      115        1.514        4.755            0      405.212      110.709      101.963
      116        1.583        4.889            0      416.139      124.816      102.967
      117        1.598        4.771            0      407.983       94.685       95.608
      118        1.531        4.813            0      413.456      105.495      100.462
      119        1.416        4.668            0      406.292      127.013      102.330
      120        1.733        4.795            0      411.076      102.257       97.792
      121        1.570        4.916            0      413.542      103.064       98.778
      122        1.542        4.755            0      405.021      109.897      100.061
      123        1.607        4.690            0      401.152      101.949       96.792
      124        1.491        4.691            0      401.258      104.459       98.131
      125        1.535        4.852            0      406.712      117.817      101.383
      126        1.532        4.776            0      404.554      116.104       98.093
      127        1.382        4.825            0      411.426       90.869      100.232
      128        1.451        4.690            0      402.926       81.296      104.041
      129        1.439        4.669            0      400.717       67.576      100.309
      130        1.324        4.893            0      419.445       79.939       99.681
      131        1.588        4.864            0      411.886      109.799       97.824
      132        1.376        4.852            0      416.885       89.628      100.441
      133        1.628        4.802            0      409.216      107.071       95.513
      134        1.412        4.738            0      411.227       85.310       99.447
      135        1.567        4.674            0      401.745       73.521      102.810
      136        1.657        4.747            0      402.637       84.271      100.346
      137        1.635        4.831            0      407.228       88.515      104.292
      138        1.471        4.690            0      407.123       98.632      101.580
      139        1.667        4.883            0      412.167       87.322       98.547
      140        1.362        4.867            0      414.084      107.581      100.573
      141        1.612        4.904            0      410.316       96.663       99.465
      142        1.270        4.836            0      410.152       81.056      100.508
      143        1.607        4.762            0      408.121      106.259      102.459
      144        1.557        5.069            0      431.577      126.177       96.274
      145        1.444        4.696            0      406.971      138.718      100.117
      146        1.637        4.882            0      412.672      106.710       97.435
      147        1.430        4.948            0      419.724      124.170       97.734
      148        1.655        4.667            0      397.979      107.619       96.222
      149        1.462        4.746            0      405.621      110.456      102.087
      150        1.550        4.721            0      398.429       96.213       96.975
      151        1.389        4.700            0      404.174      104.021      100.458
      152        1.566        4.806            0      414.007      130.714       99.522
      153        1.697        4.820            0      408.142      124.905      101.951
      154        1.312        4.772            0      410.840      127.138      100.908
      155        1.461        4.747            0      404.789      106.341      105.565
      156        1.668        4.950            0      420.777      119.904      102.378
      157        1.583        4.909            0      414.140      139.278      102.352
      158        1.365        4.861            0      410.486      113.524      102.607
      159        1.477        4.841            0      409.623       98.962       95.760
      160        1.428        4.908            0      414.189      117.909       98.159
      161        1.634        4.870            0      412.570      120.924      100.509
      162        1.599        4.911            0      414.127      124.970      106.452
      163        1.465        4.837            0      409.334      104.298       98.204
      164        1.298        4.739            0      406.412      124.165       99.970
      165        1.687        4.941            0      412.231      122.443       99.212
      166        1.508        4.787            0      405.036      118.477       99.687
      167        1.624        4.746            0      403.911       97.738      102.561
      168        1.594        4.755            0      407.932      140.062      102.326
      169        1.619        4.718            0      404.573      133.714       96.520
      170        1.524        4.931            0      415.879      125.740       95.728
      171        1.600        4.734            0      402.735      108.848      104.061
      172        1.428        4.771            0      405.941      104.895      102.111
      173        1.430        4.881            0      415.249      108.608      100.587
      174        1.660        4.962            0      414.194      111.273      101.159
      175        1.675        4.859            0      413.202       96.643      102.450
      176        1.672        4.907            0      416.142       96.729      102.183
      177        1.395        4.774            0      402.735      101.611      102.966
      178        1.700        4.825            0      413.456      129.563      101.125
      179        1.504        4.876            0      419.551      127.100       98.810
      180        1.720        5.005            0      415.556      110.519      103.715
      181        1.610        4.729            0      408.160      109.844       98.509
      182        1.694        4.818            0      415.237      124.446       97.038
      183        1.739        4.726            0      404.964      114.570       98.129
      184        0.927        4.800            0      418.816      107.880      103.713
      185        1.431        4.769            0      406.271      124.540      100.415
      186        1.630        4.771            0      411.070      141.319       96.116
      187        1.738        4.885            0      407.949      111.750       96.865
      188        1.677        4.712            0      407.638      106.897       99.305
      189        1.633        4.673            0      401.487      125.038       98.238
      190        1.732        4.843            0      410.923      149.550       99.797
      191        1.613        4.769            0      408.614      133.240       96.673
      192        1.378        4.815            0      414.091      147.392      102.043
      193        1.636        4.841            0      412.652      114.744       98.932
      194        1.271        4.899            0      419.789      120.905      103.393
      195        1.492        4.781            0      409.947      130.798       98.467
      196        1.511        4.876            0      415.453      111.617       99.932
      197        1.420        4.719            0      405.873      123.533      106.219
      198        1.627        4.823            0      414.639      108.949       94.788
      199        1.627        4.804            0      413.732      122.189      100.840
      200        1.501        4.743            0      405.208      148.570       96.582
      201        1.488        4.965            0      419.412      137.067      102.924
      202        1.538        4.804            0      410.968      139.675       99.663
      203        1.537        4.874            0      413.108      152.715      103.260
      204        1.548        4.983            0      417.948      137.355      100.160
      205        1.461        4.725            0      406.026      112.056       97.760
      206        1.355        4.898            0      421.953      128.180      104.554
      207        1.412        4.746            0      405.245      126.432      103.680
      208        1.669        4.771            0      405.136      125.006      101.394
      209        1.797        4.734            0      401.628      122.298       99.709
      210        1.540        4.791            0      408.367       92.012      100.535
      211        1.568        4.813            0      413.216      113.847      101.176
      212        1.588        4.669            0      406.817       99.387      101.987
      213        1.453        4.750            0      405.611      105.923      102.398
      214        1.717        4.799            0      406.053      112.063       97.831
      215        1.643        4.840            0      411.709      101.671      101.300
      216        1.508        4.685            0      402.217      118.334      102.050
      217        1.526        4.809            0      405.263      127.147      100.088
      218        1.498        4.730            0      401.308      116.081      101.222
      219        1.670        4.757            0      407.654      105.349      100.020
      220        1.630        4.682            0      404.425      102.486      101.134
      221        1.563        4.863            0      417.097       99.498       99.787
      222        1.297        4.855            0      406.978       86.903       89.591
      223        1.515        4.889            0      415.498      111.595       95.810
      224        1.284        4.901            0      422.711       86.480      100.770
      225        1.214        4.858            0      425.216       96.171      103.255
      226        1.532        4.834            0      416.208      105.777       96.741
      227        1.681        4.881            0      414.185      110.445       97.238
      228        1.553        4.720            0      401.255      121.970       99.013
      229        1.569        4.715            0      410.230      134.059      100.238
      230        1.439        4.886            0      412.667      122.835       99.472
      231        1.596        4.657            0      402.309      107.768      103.101
      232        1.643        4.802            0      411.225      121.735       99.863
      233        1.640        4.736            0      408.792      116.187      100.313
      234        1.481        4.608            0      401.402       93.919      101.645
      235        1.376        4.705            0      407.489      101.835      102.005
      236        1.745        4.931            0      420.127      129.421      101.200
      237        1.462        4.879            0      415.218      117.022       99.752
      238        1.363        4.690            0      404.859      118.063      101.823
      239        1.657        4.771            0      408.450      120.189      101.127
      240        1.446        4.964            0      419.280      115.768      102.410
      241        1.257        4.851            0      412.127      112.952      101.316
      242        1.561        4.885            0      423.019      122.481       97.949
      243        1.597        4.956            0      428.701      128.562       94.792
      244        1.606        4.911            0      415.827      119.541       96.829
      245        1.613        4.866            0      414.123      111.662      103.020
      246        1.731        4.942            0      426.207      115.364       95.092
      247        1.659        4.787            0      418.078      119.907      100.271
      248        1.579        4.851            0      412.003      114.120       99.731
      249        1.591        4.794            0      410.966      110.292       98.508
      250        1.491        4.681            0      407.272       91.428      100.421
      251        1.515        4.729            0      408.996      127.391       99.599
      252        1.668        4.722            0      413.582      118.709      102.210
      253        1.699        4.688            0      408.378       97.145      106.351
      254        1.678        4.808            0      408.039      123.714      102.089
      255        1.504        4.899            0      420.167      112.010       96.488
      256        1.646        4.789            0      409.859      113.280       97.109
      257        1.493        4.737            0      406.668      124.512      104.649
      258        1.499        4.939            0      422.803      116.231       96.371
      259        1.586        4.916            0      416.071      104.420       98.169
      260        1.503        4.767            0      413.528      111.769      101.287
      261        1.569        4.937            0      414.509      126.438      101.217
      262        1.444        4.814            0      414.379      123.019      100.934
      263        1.676        4.800            0      406.843      115.358      101.431
      264        1.597        4.995            0      421.930      125.463      100.931
      265        1.602        4.956            0      418.192      122.177       99.021
      266        1.648        4.801            0      410.422      110.592      100.197
      267        1.553        4.769            0      408.841       95.621       98.394
      268        1.546        4.780            0      406.827      125.696       99.742
      269        1.633        4.774            0      408.397      120.894      105.931
      270        1.633        4.811            0      413.682      111.266      101.089
      271        1.581        4.734            0      404.724      110.451       95.362
      272        1.495        4.739            0      411.703      108.387      102.636
      273        1.545        4.876            0      421.769      117.608      101.424
      274        1.623        4.758            0      403.027       96.253      102.123
      275        1.579        4.772            0      410.537      102.788      100.598
      276        1.664        4.689            0      408.951      105.924      100.262
      277        1.646        4.759            0      407.257      121.563      104.611
      278        1.487        4.857            0      412.257      137.989      105.512
      279        1.581        4.777            0      411.310      140.878       98.727
      280        1.506        4.888            0      414.759      128.439       99.993
      281        1.627        4.771            0      410.634      110.954      103.309
      282        1.442        4.823            0      410.387      113.022       99.833
      283        1.557        4.871            0      421.935      143.116       98.561
      284        1.668        4.834            0      411.819      117.758       97.586
      285        1.623        4.835            0      409.735      103.936       96.750
      286        1.406        4.682            0      401.284      102.725       97.811
      287        1.529        4.740            0      411.162      108.552       98.641
      288        1.581        4.743            0      408.392      102.663      100.214
      289        1.637        4.705            0      404.913       82.056      105.501
      290        1.504        4.777            0      408.858       98.029       99.009
      291        1.520        4.729            0      406.933      101.695       99.656
      292        1.749        4.831            0      416.048      100.555       96.158
      293        1.440        4.774            0      408.961      121.531       99.776
      294        1.745        4.936            0      418.215      123.583      102.343
      295        1.558        4.852            0      410.271      119.301       99.908
      296        1.772        4.743            0      409.229       98.221      100.047
      297        1.510        4.827            0      410.595       97.859       97.046
      298        1.708        4.793            0      409.691      136.117       99.845
      299        1.647        4.675            0      403.656      115.384       99.976
      300        1.587        4.725            0      407.277      100.942       98.120
      301        1.667        4.782            0      409.365      117.668      102.040
      302        1.660        4.752            0      412.549      131.348       97.982
      303        1.599        4.794            0      412.204      117.204      105.049
      304        1.666        4.686            0      408.714      125.749      100.330
      305        1.617        4.718            0      410.038       84.385       99.597
      306        1.536        4.776            0      407.277      125.469       99.221
      307        1.444        4.734            0      408.210      106.125      100.850
      308        1.470        4.874            0      422.619      105.942       97.764
      309        1.710        4.800            0      411.178       87.650       96.526
      310        1.612        4.797            0      412.672      110.886       97.694
      311        1.729        4.871            0      412.199      105.227      102.649
      312        1.759        4.855            0      415.588       88.699      101.575
      313        1.649        4.921            0      413.132       73.006      101.806
      314        1.682        4.879            0      422.225       94.192       97.195
      315        1.612        4.840            0      411.741      116.586       96.546
      316        1.538        5.000            0      428.598       81.979      101.249
      317        1.674        4.937            0      421.763      104.258       95.445
      318        1.435        4.878            0      420.634       99.618      102.987
      319        1.508        4.892            0      416.413      107.670       97.967
      320        1.439        4.805            0      415.327      134.649       95.477
      321        1.620        4.803            0      412.280       74.844      100.338
      322        1.607        4.957            0      427.152      105.582       99.840
      323        1.572        4.912            0      419.138      106.489      103.665
      324        1.747        4.879            0      419.306       99.358       99.684
      325        1.390        4.909            0      415.859       99.034      100.453
      326        1.484        4.963            0      420.574      109.563      102.574
      327        1.490        4.858            0      418.254       86.909      102.122
      328        1.478        4.950            0      413.448      127.778      103.287
      329        1.664        5.057            0      425.717       89.562       97.083
      330        1.468        4.932            0      418.731      109.590       99.572
      331        1.549        4.868            0      411.497      130.253      100.606
      332        1.672        5.030            0      421.810      127.010       96.523
      333        1.337        4.615            0      401.241      144.141      101.277
      334        1.629        5.140            0      429.221      133.249       95.570
      335        1.744        5.136            0      423.916      150.948       95.291
      336        1.723        5.031            0      425.132      119.633      103.343
      337        1.514        5.094            0      429.609      110.519       94.384
      338        1.723        5.037            0      429.619       98.503       98.783
      339        1.495        4.983            0      424.707      101.847       98.402
      340        1.490        4.992            0      428.251       95.894       98.621
      341        1.494        5.008            0      431.752       95.333       99.124
      342        1.631        5.046            0      432.063       81.010      101.186
      343        1.655        4.991            0      428.241       98.395      101.645
      344        1.713        5.035            0      428.707       88.353       98.872
      345        1.577        4.990            0      428.260       95.848       97.078
      346        1.604        4.960            0      421.963       94.619      101.449
      347        1.510        4.939            0      432.535       81.106       95.438
      348        1.680        5.008            0      427.682      100.872       93.666
      349        1.644        4.777            0      414.248      115.273      104.680
      350        1.426        4.977            0      430.062       87.406       99.105
      351        1.640        5.155            0      425.913      105.113       93.917
      352        1.529        4.930            0      428.020       87.737       94.827
      353        1.611        4.929            0      419.799       94.621       97.380
      354        1.647        4.773            0      411.184       73.962      101.157
      355        1.650        4.970            0      425.799      100.251       96.417
      356        1.702        5.089            0      432.407      103.248       94.095
      357        1.821        5.017            0      426.184       87.943       94.117
      358        1.670        4.949            0      425.484       85.498      105.217
      359        1.607        5.080            0      426.286       93.857       98.303
      360        1.573        4.842            0      418.741      102.834       99.738
      361        1.653        5.060            0      429.221       94.722       98.871
      362        1.678        4.980            0      430.601      120.545       96.977
      363        1.343        4.860            0      417.396      102.404      103.996
      364        1.698        5.199            0      429.423      133.791       98.581
      365        1.555        5.084            0      424.742      119.797       98.934
      366        1.695        4.991            0      426.324       88.346       98.284
      367        1.636        5.052            0      425.226      112.139      100.444
      368        1.686        5.228            0      426.611      113.096       98.379
      369        1.657        5.094            0      423.745      103.034       95.092
      370        1.760        5.216            0      428.941       95.536       96.264
      371        1.457        5.156            0      428.018      110.730       99.913
      372        1.436        4.980            0      428.562      116.935      100.566
      373        1.704        5.270            0      425.685      122.429       96.866
      374        1.724        5.121            0      424.945      121.787       98.882
      375        1.575        5.162            0      427.053      111.882       96.889
      376        1.610        5.176            0      427.281       94.307       98.111
      377        1.752        5.100            0      430.845      103.068       95.097
      378        1.610        4.773            0      413.250       87.063      103.205
      379        1.492        4.900            0      426.186      108.802       99.340
      380        1.647        4.858            0      422.838      125.687       96.182
      381        1.514        4.842            0      419.294       96.173       99.346
      382        1.569        5.037            0      425.258      102.701       99.612
      383        1.599        4.891            0      413.964      135.854      101.952
      384        1.588        5.009            0      428.188      105.028       99.464
      385        1.613        5.124            0      430.208      123.720       92.266
      386        1.773        5.022            0      430.366      112.007       98.407
      387        1.579        5.019            0      423.374      105.155       99.297
      388        1.645        5.146            0      429.305      114.638       98.224
      389        1.639        5.109            0      428.426      112.736       96.100
      390        1.702        4.906            0      421.822      105.535       98.263
      391        1.615        5.034            0      423.629      116.136      101.523
      392        1.566        5.167            0      425.955       92.312       97.678
      393        1.412        5.094            0      430.381      108.622      102.230
      394        1.635        5.168            0      425.183      113.358       94.741
      395        1.553        4.988            0      425.421      113.681       98.067
      396        1.347        4.971            0      432.246      109.544       96.709
      397        1.349        5.071            0      428.078      121.512       95.838
      398        1.309        5.089            0      427.445      114.123       95.731
      399        1.096        4.862            0      426.708      112.734       97.544
      400        1.344        4.949            0      428.426      129.317       96.495
      401        1.343        5.143            0      428.182      125.850       93.062
      402        1.339        5.096            0      429.215       89.172       91.485
      403        0.604        4.948            0      430.537      113.924       97.442
      404        1.687        4.825            0      421.014      120.606       96.934
      405        1.598        4.801            0      424.636      101.482       99.355
      406        1.611        4.796            0      420.850       99.784       96.968
      407        1.526        4.821            0      425.085      114.420       94.219
      408        1.547        4.816            0      428.012      105.665       93.168
      409        0.850        5.177            0      423.608      128.768       97.109
      410        0.972        5.037            0      422.561      118.355       96.793
      411        0.861        5.098            0      428.881      126.697       97.254
      412        0.522        5.243            0      424.649       96.350       93.282
      413        0.457        5.074            0      427.917      144.386       92.589
      414        0.509        5.316            0      427.685      141.211       92.024
      415        0.638        5.015            0      427.607      122.095       96.228
      416        1.122        4.701            0      412.152      122.914      101.428
      417        1.486        4.809            0      417.677      120.121      100.905
      418        0.594        5.020            0      423.750      139.985      100.160
      419        1.024        5.064            0      426.417      129.286       95.736
      420        0.745        5.272            0      428.111      121.527       94.615
      421        0.750        5.004            0      426.237      122.769       99.103
      422        0.876        4.773            0      419.618       91.850      101.127
      423        0.682        4.903            0      430.519      105.259      103.065
      424        1.696        5.107            0      427.989       87.265       97.545
      425        0.791        5.093            0      426.906      121.973       94.930
      426        0.767        5.024            0      427.257      124.757       92.844
      427        0.713        5.227            0      427.344      100.661       95.604
      428        0.873        5.028            0      427.975      139.717      101.757
      429        1.040        5.158            0      427.952      137.868       93.599
      430        0.714        4.962            0      432.342      127.619      100.919
      431        0.846        4.959            0      428.491      119.250       91.834
      432        0.954        4.965            0      430.201      117.997       97.311
      433        0.667        5.027            0      427.170      102.849       97.933
      434        0.945        4.963            0      427.169      127.072       98.055
      435        0.744        4.957            0      430.047      109.309       95.080
      436        0.827        4.894            0      432.723      119.932      101.170
      437        0.778        4.887            0      434.052      152.060      102.448
      438        0.757        5.005            0      427.015      126.072       98.485
      439        0.823        4.944            0      424.851      117.272       98.581
      440        0.906        4.836            0      424.537      101.208       96.016
      441        0.846        4.898            0      431.967       93.986      102.034
      442        0.985        4.938            0      428.195      120.373       99.956
      443        0.696        4.852            0      428.307       88.865       96.834
      444        0.929        4.838            0      437.053       86.384      104.095
      445        0.692        5.039            0      431.326      131.260      101.729
      446        0.867        5.001            0      426.287      115.557      100.031
      447        0.663        4.891            0      435.208      109.269      101.589
      448        0.621        4.974            0      429.340      135.854       90.606
      449        1.410        5.077            0      428.256      108.500       88.359
      450        1.506        5.144            0      426.946      136.367       87.503
      451        1.366        5.061            0      428.673      103.530       92.609
      452        1.768        5.182            0      423.428      117.843       89.454
      453        0.907        5.102            0      428.823       99.881       90.089
      454        0.957        5.043            0      428.156       80.759       87.744
      455        1.087        4.978            0      428.984      105.701       91.109
      456        1.101        5.076            0      429.657      101.441       90.638
      457        1.328        5.130            0      425.422       92.470       91.820
      458        1.642        5.463            0      431.883      125.055       90.165
      459        1.583        5.120            0      426.798      118.088       92.354
      460        1.664        5.152            0      427.408      119.278       89.037
      461        1.448        5.234            0      427.548      154.495       86.740
      462        1.353        5.272            0      426.386      155.806       92.312
      463        1.651        5.330            0      429.214      123.938       91.987
      464        1.510        5.347            0      425.068      115.970       93.079
      465        1.602        5.242            0      430.227      114.982       91.976
      466        1.448        5.081            0      426.436      116.611       89.669
      467        1.406        4.906            0      426.726      143.017       91.453
      468        1.508        5.013            0      427.968      150.525       90.382
      469        1.179        5.182            0      428.400      121.312       89.688
      470        1.656        5.226            0      426.249      118.176       92.033
      471        1.487        5.199            0      432.002       83.175       97.471
      472        1.503        5.094            0      425.599      129.551       96.423
      473        1.098        5.352            0      427.839      151.426       92.599
      474        1.319        5.305            0      429.133      126.820       91.462
      475        0.981        5.312            0      428.691      144.949       92.087
      476        1.558        4.870            0      429.220      121.884       99.342
      477        1.563        4.992            0      423.930      130.932       87.605
      478        1.637        5.126            0      425.231      113.488       97.299
      479        1.819        5.158            0      426.372      121.559       96.877
      480        1.650        5.229            0      425.800      143.868       92.272
      481        1.597        5.302            0      431.199      120.265       90.847
      482        1.589        5.153            0      428.016      143.121       97.305
      483        1.326        4.996            0      424.760      143.224       99.566
      484        1.451        4.935            0      430.254      171.967       99.344
      485        1.537        4.805            0      430.628      162.325       97.222
      486        1.397        4.835            0      417.366      134.042       97.729
      487        1.563        5.042            0      425.902      152.218      100.830
      488        1.506        5.148            0      429.137      127.694      100.592
      489        1.509        4.972            0      423.932      160.045       96.143
      490        1.547        5.143            0      426.159      186.351       95.218
      491        1.420        4.790            0      407.858      169.965      101.463
      492        1.531        4.758            0      402.759      152.789      101.092
      493        1.497        4.893            0      414.383      162.967      103.641
      494        0.601        4.828            0      403.295      143.846      100.441
      495        0.950        4.759            0      409.461      155.916       96.903
      496        0.776        4.765            0      403.566      146.094       99.946
      497        0.458        4.899            0      416.689      139.798       98.057
      498        1.657        4.764            0      409.875      139.506      101.809
      499        0.819        4.788            0      412.519      124.146      101.947
      500        0.958        4.736            0      401.304      148.281      100.901
      501        0.744        4.682            0      401.799      138.161      100.755
      502        0.945        4.831            0      408.777      167.267      101.738
      503        0.976        4.860            0      412.832      156.925      100.003
      504        0.615        4.762            0      407.305      140.634       96.509
      505        0.606        4.817            0      408.487      133.661       99.313
      506        0.552        4.651            0      395.817      139.332       99.163
      507        0.639        4.855            0      413.872      163.105       94.271
      508        0.755        4.663            0      396.624      136.131       99.840
      509        0.804        4.570            0      393.693      162.102      101.639
      510        0.440        4.810            0      401.988      166.168      101.572
      511        0.791        4.718            0      403.694      168.875      100.125
      512        1.016        4.690            0      400.375      142.159      100.209
      513        0.619        4.753            0      403.174      146.848      104.896
      514        0.716        4.742            0      403.505      136.766      100.483
      515        0.597        4.727            0      400.463      144.873      103.056
      516        0.540        4.662            0      398.927      159.071      101.915
      517        0.728        4.716            0      403.574      155.303      104.972
      518        0.986        4.635            0      396.230      143.606      101.005
      519        0.977        4.640            0      397.545      146.232      103.245
      520        0.825        4.722            0      400.131      129.600      102.568
      521        0.998        4.689            0      398.216      136.187      102.509
      522        0.692        4.872            0      410.831      147.407      101.250
      523        0.992        4.708            0      402.644      151.804      103.686
      524        0.760        4.765            0      406.266      150.864      100.452
      525        0.952        4.731            0      399.535      140.764      104.275
      526        0.683        5.018            0      428.404      163.159       96.561
      527        0.671        5.079            0      427.815      156.144       96.235
      528        0.708        5.173            0      426.890      133.538       95.649
      529        0.826        5.250            0      426.838      139.038       91.658
      530        0.891        5.104            0      426.997      157.212       91.619
      531        0.899        5.154            0      427.156      172.545       99.857
      532        0.399        4.807            0      417.661      143.898      104.787
      533        0.923        4.938            0      414.304      143.913      104.560
      534        0.898        5.006            0      424.054      119.803       97.246
      535        0.499        4.947            0      412.095      135.609       99.494
      536        1.582        4.882            0      412.527      132.778      102.127
      537        0.619        4.814            0      407.686      130.005      101.556
      538        0.614        4.968            0      415.490      146.097       99.295
      539        1.015        4.725            0      401.560      147.986      100.760
      540        0.455        4.707            0      399.709       95.593      101.511
      541        0.508        4.800            0      403.818      123.955      103.223
      542        0.842        4.851            0      426.497      103.864       97.089
      543        0.867        4.786            0      404.286      111.266       99.019
      544        0.827        4.830            0      404.805      112.327       97.357
      545        0.841        4.743            0      402.804      122.557      105.826
      546        1.009        4.822            0      405.833      116.826       95.912
      547        0.682        4.770            0      421.527       94.334       94.517
      548        1.018        4.913            0      430.160       95.255       96.898
      549        0.680        4.763            0      405.779      127.861      100.694
      550        0.781        4.802            0      422.219      122.739       99.831
      551        0.425        4.978            0      426.657      102.016       89.925
      552        0.810        4.940            0      428.168       90.369       95.693
      553        1.008        5.047            0      425.744      107.664       96.081
      554        0.625        4.704            0      422.041      100.552       97.380
      555        0.600        4.929            0      431.807      118.850       97.080
      556        0.907        4.909            0      428.679       89.436      100.058
      557        0.679        5.067            0      426.746      103.326       94.733
      558        0.915        4.995            0      426.900      130.203       96.380
      559        0.660        5.136            0      425.464      105.283       96.860
      560        0.630        5.006            0      422.129      116.087       91.990
      561        0.989        4.919            0      425.009       74.429       99.708
      562        1.028        4.987            0      430.739       93.685       96.962
      563        0.693        4.972            0      433.588      135.400       95.922
      564        0.854        4.801            0      405.310      132.908      101.286
      565        0.626        4.673            0      399.045      136.467      104.016
      566        0.681        4.716            0      400.108      118.027      100.872
      567        0.917        4.715            0      397.971      121.762      101.474
      568        0.669        4.743            0      401.405      112.058      103.486
      569        0.865        4.880            0      411.222      121.931       98.706
      570        0.912        4.756            0      406.649      125.899      100.223
      571        0.478        4.726            0      404.335      102.855       98.859
      572        0.595        4.869            0      410.656      100.874       98.210
      573        0.639        4.807            0      403.608      158.641      102.150
      574        0.637        4.884            0      417.908      136.102      100.510
      575        0.744        4.847            0      407.356      152.839       97.960
      576        0.768        4.898            0      409.632      135.629       99.043
      577        0.646        5.023            0      422.611      171.397       99.343
      578        0.264        4.851            0      408.798      147.366      100.129
      579        0.825        4.774            0      407.090      132.999      101.373
      580        0.887        4.843            0      413.376      111.579       97.297
      581        1.006        5.020            0      425.601      163.075      100.827
      582        0.777        4.779            0      403.724      151.830      104.350
      583        0.773        4.801            0      409.600      153.256      103.630
      584        0.836        5.003            0      416.979      142.579      100.978
      585        0.978        4.910            0      422.150      123.336       99.271
      586        0.941        4.988            0      430.668      130.288       97.165
      587        0.645        4.984            0      419.861      130.354      101.768
      588        1.184        5.034            0      431.175      113.033      102.810
      589        0.758        4.904            0      416.896       87.571      101.659
      590        0.689        5.263            0      427.045      120.760       94.797
      591        0.877        4.841            0      415.040      103.285      102.442
      592        0.766        4.814            0      402.727      109.065       99.584
      593        0.911        4.902            0      413.473      120.707      102.234
      594        0.592        5.004            0      424.483      121.747      101.343
      595        0.636        5.004            0      417.662      109.309      100.276
      596        0.626        4.895            0      407.778      118.184      103.429
      597        0.787        4.832            0      408.326       92.951       99.132
      598        0.546        4.969            0      422.110      151.741      101.817
      599        0.746        4.828            0      408.597      133.397       98.625
      600        0.836        4.939            0      417.570       86.993      101.548
      601        0.838        4.946            0      414.602      112.942      100.289
      602        0.538        4.791            0      407.841      107.901       99.483
      603        1.066        4.788            0      403.014      102.045       98.366
      604        0.819        4.890            0      412.509      107.023      103.504
      605        0.682        4.989            0      418.233      106.818      100.960
      606        0.914        4.799            0      406.627      112.796       98.950
      607        0.852        4.936            0      416.545      119.727      100.841
      608        0.855        5.000            0      415.934      138.000       99.730
      609        0.853        4.988            0      423.124      136.651       98.519
      610        0.800        4.810            0      409.511      144.298      100.878
      611        0.763        4.776            0      413.038      110.185      101.181
      612        0.667        4.919            0      411.636      123.711       99.651
      613        0.864        4.998            0      418.065      147.827       97.417
      614        0.633        4.743            0      410.118      113.850       96.392
      615        0.995        4.716            0      403.496      128.050       98.154
      616        0.713        4.611            0      398.104       80.940      100.301
      617        0.669        4.720            0      403.185      108.036      100.451
      618        0.953        4.622            0      398.591      111.427      102.720
      619        0.488        4.865            0      412.558      120.791      104.319
      620        0.557        4.637            0      397.188      108.051      100.880
      621        0.686        4.697            0      397.548       97.947      100.830
      622        0.616        4.821            0      407.909      113.606      100.514
      623        0.758        4.852            0      409.267      110.896      101.326
      624        0.534        4.686            0      399.362      133.555      100.902
      625        0.592        4.844            0      409.161       81.886      101.156
      626        0.989        4.787            0      410.965       98.872      100.942
      627        1.008        4.866            0      414.164      136.998      100.941
      628        0.596        4.605            0      393.437      156.287      100.619
      629        0.813        4.749            0      406.201      150.173       97.413
      630        0.717        4.854            0      424.355      129.898       98.899
      631        0.971        4.728            0      408.054      142.314       97.262
      632        0.712        4.693            0      400.595      142.983      102.708
      633        0.868        4.742            0      405.418      103.405      102.953
      634        0.852        4.870            0      408.374       95.665       99.038
      635        0.579        4.728            0      404.495      108.944      103.654
      636        0.735        4.695            0      401.996      131.714      100.251
      637        0.796        4.870            0      411.835      104.493      104.317
      638        0.794        4.777            0      411.922       77.887      101.813
      639        0.499        4.745            0      402.470      100.106       96.260
      640        0.777        4.754            0      402.422      132.781      101.855
      641        0.800        4.704            0      398.211      117.499      102.685
      642        0.700        4.611            0      395.711      125.577      103.186
      643        1.019        4.649            0      396.838       87.425       98.554
      644        0.996        4.731            0      403.584       87.692      101.392
      645        0.444        4.699            0      395.991       79.151      101.384
      646        0.700        4.617            0      392.659      101.479      105.243
      647        0.804        4.882            0      405.678      102.377      100.093
      648        0.759        4.811            0      409.425      108.455      103.005
      649        0.928        4.790            0      407.530       93.513      103.928
      650        0.575        4.723            0      402.104       95.049      100.172
      651        0.413        4.790            0      408.364       72.421       99.462
      652        0.819        4.819            0      406.126       83.479       97.084
      653        1.005        4.788            0      402.452       83.277      102.196
      654        0.826        4.834            0      411.449       75.031       97.851
      655        1.018        4.661            0      398.183       73.722      101.973
      656        0.972        4.709            0      398.557       92.767      104.017
      657        0.940        4.782            0      406.708      111.304      100.025
      658        0.996        4.700            0      397.546       92.052      101.219
      659        0.978        4.721            0      399.040       73.798      102.604
      660        0.912        4.589            0      390.515       95.515      101.765
      661        0.762        4.662            0      401.048      103.305      102.106
      662        0.911        4.595            0      395.535      122.631      105.305
      663        0.901        4.760            0      399.813       84.966      104.068
      664        0.715        4.628            0      395.540       82.689      103.534
      665        0.744        4.791            0      407.402       88.065       99.194
      666        0.804        4.803            0      405.597       89.918      101.961
      667        0.985        4.700            0      403.366      119.899      102.575
      668        0.600        4.613            0      397.052      140.178      102.446
      669        0.537        4.675            0      400.519      132.508      104.240
      670        0.904        4.698            0      393.958      128.504      101.559
      671        0.405        4.722            0      398.093       92.433      104.004
      672        0.675        4.697            0      398.416       87.178       97.603
      673        0.849        4.826            0      419.625       88.538       97.011
      674        0.619        4.714            0      407.197      107.985      100.392
      675        0.731        4.802            0      407.903       87.379       96.448
      676        0.984        4.909            0      419.613       90.133      102.637
      677        0.294        4.824            0      407.470       90.303       98.128
      678        0.659        4.791            0      404.973      100.279      100.880
      679        0.674        4.750            0      406.543      118.082      101.063
      680        0.564        4.735            0      410.346       86.399      102.712
      681        0.576        4.868            0      414.558      112.118       97.533
      682        0.828        4.812            0      411.249       99.152      101.347
      683        0.574        4.591            0      400.871      103.789       98.722
      684        0.767        4.653            0      400.761      108.860       98.816
      685        0.883        4.746            0      404.210       93.576      102.257
      686        0.818        5.025            0      421.981       76.129       96.163
      687        0.903        5.074            0      431.576       79.932       93.997
      688        0.727        4.861            0      412.018      117.356       98.231
      689        0.499        4.749            0      403.015      121.657       97.750
      690        0.597        4.886            0      412.112      115.997      100.550
      691        0.769        4.636            0      393.366      133.110      103.411
      692        0.851        4.714            0      401.909      103.820      101.806
      693        0.822        4.639            0      399.016      124.304       99.980
      694        0.915        4.867            0      425.221      109.245       99.532
      695        0.789        4.626            0      402.717      106.991       95.850
      696        0.641        4.608            0      397.593      113.584       97.877
      697        0.769        4.605            0      406.039      103.450       97.422
      698        0.774        4.819            0      420.186       82.083       94.090
      699        0.693        4.643            0      404.159       92.855       97.005
      700        0.656        4.851            0      424.206      107.087       95.778
      701        0.895        4.753            0      411.354       92.815       93.265
      702        0.486        4.630            0      398.682       87.353       95.901
      703        0.804        4.788            0      416.825      108.142       94.291
      704        0.943        4.618            0      406.227      116.276       99.588
      705        0.851        4.998            0      430.620      120.484      100.483
      706        0.728        4.934            0      423.162      135.643       90.689
      707        0.677        4.764            0      423.980       95.261      103.509
      708        0.548        4.872            0      428.882      104.081       97.294
      709        0.948        4.798            0      418.131      124.835       99.691
      710        1.308        4.669            0      398.899      121.148       98.219
      711        0.619        4.639            0      392.933      133.482      102.075
      712        0.926        4.523            0      388.943      156.163      102.168
      713        0.870        4.569            0      386.301      179.352      101.680
      714        0.763        4.798            0      403.951      135.718      103.043
      715        0.647        4.910            0      411.433      154.521      104.105
      716        0.951        4.740            0      407.020      134.379      104.969
      717        0.622        4.653            0      393.014      126.723      103.931
      718        0.548        4.841            0      412.840      106.659      101.000
      719        0.690        4.805            0      402.712      139.202       97.228
      720        0.647        4.852            0      407.839      120.187       99.722
      721        0.678        4.751            0      404.611      101.433      101.212
      722        0.600        4.774            0      404.312      104.023       98.108
      723        1.222        4.932            0      431.637      127.087       99.068
      724        0.816        4.596            0      395.122      105.605      102.186
      725        0.684        4.753            0      398.627      103.132       98.107
      726        0.731        4.964            0      410.925      165.805       90.998
      727        0.893        4.663            0      398.409      123.721      100.939
      728        1.105        4.637            0      400.896      152.449       99.942
      729        0.606        4.703            0      407.882      162.480       98.548
      730        0.708        4.805            0      413.656      168.659      100.592
      731        0.899        4.760            0      410.824      138.488      101.015
      732        1.567        4.871            0      415.990      113.434       99.845
      733        0.713        4.938            0      417.814      145.876       98.834
      734        0.602        4.748            0      412.683      124.495       97.074
      735        0.716        4.830            0      410.375      111.701       99.035
      736        0.784        4.926            0      421.820      108.903       97.919
      737        0.878        4.826            0      408.025      109.937       99.853
      738        0.735        4.633            0      400.130      115.114      101.926
      739        0.798        4.985            0      416.099      127.625       98.558
      740        0.543        4.862            0      407.626      154.260       95.077
      741        0.645        4.904            0      414.533      144.859       97.203
      742        0.933        5.005            0      421.177      153.979       99.500
      743        1.046        4.792            0      412.703      150.592      101.542
      744        1.517        4.877            0      410.288      145.148      103.294
      745        1.511        4.737            0      410.344      126.174      102.444
      746        1.597        5.019            0      432.058      161.532      104.134
      747        1.397        4.703            0      404.300      145.638       97.634
      748        1.344        4.853            0      421.081      141.789      100.195
      749        1.235        4.736            0      409.923      122.379      104.493
      750        0.953        4.806            0      412.286       97.198       97.096
      751        1.574        4.858            0      414.656      126.515      102.959
      752        0.843        4.610            0      405.485      135.876      103.401
      753        0.752        4.645            0      403.556      140.951      101.633
      754        1.006        4.748            0      403.665      163.138      104.916
      755        0.850        4.798            0      402.163      116.384      101.626
      756        0.933        4.853            0      413.753      106.766      101.658
      757        0.821        4.838            0      411.010      139.207      100.388
      758        1.021        4.509            0      392.676       99.108      105.234
      759        0.722        4.604            0      401.748      119.060       98.970
      760        0.681        4.786            0      409.891      107.998       98.583
      761        0.867        4.822            0      408.822       96.478       98.958
      762        0.758        4.751            0      405.667      124.159      101.716
      763        0.778        4.768            0      408.739      143.940      101.723
      764        0.838        4.830            0      409.946      165.359      100.655
      765        0.614        4.769            0      409.285      146.646      100.546
      766        0.680        4.793            0      400.112      148.991       97.756
      767        0.506        4.791            0      408.512      122.946       98.173
      768        0.951        4.697            0      404.294      138.939       97.550
      769        0.512        4.832            0      408.337      130.789       98.493
      770        0.564        4.725            0      415.024      124.994      101.721
      771        0.708        4.812            0      411.329      105.514       98.732
      772        0.403        4.731            0      412.968      111.559      101.660
      773        0.617        4.655            0      401.083      120.309      100.388
      774        0.581        4.720            0      405.373      130.480       98.447
      775        0.899        4.814            0      418.718      109.834       97.727
      776        0.648        4.715            0      405.535       85.552       97.106
      777        0.743        4.728            0      409.563      101.571       94.474
      778        1.185        4.778            0      411.999       89.151      103.823
      779        0.839        4.774            0      406.106      100.283       96.281
      780        0.790        4.554            0      389.359       91.725      103.353
      781        0.907        4.712            0      407.052      108.212      100.499
      782        0.790        4.682            0      400.259       94.359      100.928
      783        0.906        4.737            0      410.091      102.299      101.185
      784        0.745        4.637            0      401.335      128.144       97.374
      785        0.907        4.689            0      404.605      132.836       97.142
      786        0.794        4.717            0      402.522      112.182       94.604
      787        1.000        4.837            0      413.674      104.235      104.558
      788        0.875        4.798            0      411.156      149.354       99.536
      789        0.984        4.848            0      412.333      134.943       96.734
      790        0.564        4.931            0      415.848      149.133      101.827
      791        0.601        4.923            0      417.351      140.758      101.869
      792        0.839        4.928            0      411.948      139.146      102.600
      793        0.784        5.014            0      426.400      153.580       96.215
      794        0.918        4.807            0      405.708      120.145       99.243
      795        0.552        4.825            0      406.364      143.344      102.202
      796        0.497        4.700            0      406.149      122.762      104.669
      797        0.699        4.749            0      405.002      166.853      107.392
      798        0.963        4.791            0      413.131      152.225      105.105
      799        0.771        4.739            0      414.133      166.664       98.841
      800        0.564        4.679            0      408.823      132.488       98.095
      801        0.414        4.622            0      403.134      122.734       98.506
      802        0.999        4.661            0      405.333      149.678      104.174
      803        0.495        4.681            0      408.928      127.809      101.758
      804        1.042        4.814            0      430.050      111.258       94.519
      805        0.800        4.630            0      402.516      123.410      100.160
      806        0.651        4.936            0      424.655      120.027       91.086
      807        0.749        4.634            0      404.729      104.176      102.209
      808        0.643        4.698            0      408.886      142.117       99.163
      809        1.047        4.504            0      396.790      128.787       98.166
      810        0.788        4.883            0      419.306      127.429       95.358
      811        0.816        4.711            0      409.227       93.043       93.835
      812        0.966        4.625            0      403.490       86.808       96.154
      813        0.718        5.061            0      432.153       95.583       92.451
      814        0.938        4.859            0      425.688      123.779       96.597
      815        0.754        4.763            0      423.093       93.040       96.800
      816        0.466        4.833            0      417.486       96.381       95.686
      817        1.031        5.018            0      420.742      126.183       92.394
      818        0.986        5.116            0      427.295      118.192       91.754
      819        1.099        5.267            0      424.495      141.152       88.626
      820        0.902        4.782            0      415.415      152.710       94.853
      821        0.859        4.852            0      422.581      104.993       87.968
      822        0.426        4.997            0      426.978      135.840       87.296
      823        0.472        4.780            0      416.564      114.316       90.411
      824        0.390        4.864            0      420.703      111.823       92.006
      825        0.675        4.901            0      424.381      119.726       99.872
      826        0.679        4.881            0      421.253      106.794       93.621
      827        0.705        5.009            0      428.183      128.385       95.529
      828        0.811        4.821            0      418.498      103.497       95.623
      829        0.971        5.160            0      425.710      114.460       91.067
      830        0.510        5.057            0      433.120      106.498       99.857
      831        0.868        5.061            0      434.970      123.281       94.351
      832        1.150        5.162            0      428.785      113.789       91.257
      833        0.829        5.204            0      426.371       99.239       93.305
      834        0.950        5.090            0      429.735       99.742       90.280
      835        0.905        5.054            0      427.654       98.411      100.340
      836        0.664        5.050            0      426.551       89.179       90.426
      837        0.748        5.236            0      428.393      112.838       90.836
      838        0.806        5.022            0      427.785       96.691       91.332
      839        0.960        5.028            0      427.594      126.592       90.905
      840        0.981        5.180            0      427.056      113.470       93.711
      841        0.764        5.150            0      425.430      130.540       95.572
      842        0.883        5.157            0      427.141      129.092       90.179
      843        0.865        5.019            0      424.527      126.181       95.826
      844        0.679        5.120            0      424.474      142.455       95.506
      845        1.025        4.850            0      426.906      113.001       89.240
      846        0.779        4.799            0      419.660      108.476       95.598
      847        0.605        4.845            0      418.986      141.210       92.977
      848        0.617        4.824            0      417.961      112.549       93.008
      849        0.352        4.699            0      413.183       98.830       97.502
      850        0.774        4.743            0      417.155      119.624       98.939
      851        0.730        4.728            0      420.363      164.561       99.217
      852        0.513        4.778            0      428.127      124.342      101.917
      853        0.900        5.194            0      428.654      142.857       90.452
      854        0.674        5.073            0      425.169      101.311       94.526
      855        0.798        4.644            0      411.897      120.299       99.720
      856        0.760        4.604            0      406.689      116.148       98.652
      857        0.533        4.989            0      425.537      125.052       98.267
      858        0.747        4.575            0      398.822      109.718       99.337
      859        0.930        4.818            0      431.437      108.458      101.320
      860        0.865        4.997            0      427.093      149.989       90.434
      861        1.036        4.948            0      429.167      130.922       97.790
      862        1.088        5.044            0      424.466      128.262       91.010
      863        0.731        5.048            0      431.821      166.648       97.857
      864        0.865        4.700            0      408.597      146.891       93.635
      865        0.790        4.715            0      402.157      159.098       92.264
      866        0.599        4.766            0      413.864      122.339       94.502
      867        0.865        4.781            0      413.511      115.283       93.462
      868        0.621        4.622            0      402.610      134.682      100.490
      869        0.964        4.668            0      408.517      101.206       96.723
      870        0.779        4.818            0      416.438      112.368       93.606
      871        0.864        4.706            0      406.147      116.082       94.626
      872        0.765        4.869            0      426.060       91.530       89.880
      873        0.884        4.800            0      415.530      120.823       91.603
      874        0.628        4.633            0      404.217       64.949       96.789
      875        0.607        4.956            0      424.624       89.181       89.788
      876        0.952        4.650            0      408.528       72.950       97.981
      877        0.992        4.717            0      410.123       93.582       98.101
      878        0.853        4.734            0      409.672       89.954       99.907
      879        0.716        4.822            0      412.428      109.588       92.838
      880        0.740        4.746            0      406.863       82.705       91.526
      881        0.879        4.776            0      409.665       84.958       95.785
      882        1.018        4.960            0      427.646       98.272       96.142
      883        0.976        4.681            0      401.497       89.194       97.155
      884        0.707        4.727            0      405.375       80.560       94.242
      885        0.721        4.794            0      414.471       91.006       93.170
      886        0.971        4.623            0      406.504       95.407       96.023
      887        0.945        4.737            0      415.313      108.384       93.183
      888        0.773        4.878            0      417.635      118.778       93.164
      889        0.603        4.753            0      406.157      122.740       93.103
      890        1.530        4.792            0      419.000       96.183       97.760
      891        0.853        4.581            0      403.640      109.188       99.904
      892        0.892        4.955            0      422.805      127.430       92.319
      893        0.704        4.760            0      408.315      115.777       92.734
      894        0.611        4.796            0      419.234      126.447       96.466
      895        0.489        4.855            0      414.959      133.189       91.472
      896        0.574        4.773            0      412.919      112.567       91.764
      897        0.956        4.688            0      405.876       97.687       94.426
      898        0.722        4.674            0      415.805      111.548       97.598
      899        0.986        4.745            0      419.330      100.510       96.968
      900        0.748        4.722            0      409.732       98.265       98.767
      901        0.791        4.598            0      406.595       89.117      100.478
      902        0.966        4.609            0      403.570      104.685       96.792
      903        0.702        4.660            0      412.690      127.842       98.298
      904        0.723        4.837            0      424.601      108.490       94.361
      905        0.947        4.677            0      408.818      103.174       96.657
      906        0.887        4.744            0      418.301      119.506       95.728
      907        0.842        4.568            0      400.973       82.870      100.135
      908        0.966        4.826            0      434.254      111.724       92.931
      909        0.780        4.661            0      413.434       90.339       97.767
      910        0.916        4.653            0      407.106       85.694       97.840
      911        0.762        4.590            0      402.039       68.499       97.571
      912        0.886        4.643            0      414.694       80.394      101.088
      913        0.437        4.667            0      401.796       89.192       99.938
      914        0.837        4.681            0      411.717       70.064      101.472
      915        0.829        4.684            0      409.801       97.561      100.070
      916        0.602        4.663            0      404.286       82.855       97.681
      917        0.958        4.760            0      408.239       86.326       97.500
      918        0.717        4.697            0      413.354       89.610      102.042
      919        0.545        4.712            0      412.409       85.298       97.416
      920        0.689        4.666            0      415.077       95.961       96.384
      921        0.678        4.635            0      404.549      107.442      101.517
      922        0.963        4.590            0      405.493       84.265       97.590
      923        0.666        4.743            0      420.019       87.006       91.477
      924        0.887        4.709            0      415.120       83.013       99.062
      925        0.614        4.683            0      414.593       79.578       92.174
      926        1.013        4.630            0      418.463       89.883      102.794
      927        0.997        4.660            0      411.363       95.965      101.520
      928        0.815        4.633            0      405.701       96.728       99.226
      929        0.555        4.581            0      403.397      109.040       96.084
      930        0.878        4.683            0      411.654      106.278       93.546
      931        0.905        4.787            0      409.362       91.657       93.815
      932        0.540        4.880            0      417.936      118.235       91.504
      933        0.962        4.621            0      407.660      107.438       96.549
      934        0.633        4.693            0      411.959      120.329       94.326
      935        0.871        4.496            0      388.501       85.830      100.500
      936        0.687        4.696            0      410.151       93.807       96.796
      937        0.927        4.701            0      414.746       96.224       93.930
      938        0.664        4.793            0      423.713       79.469       93.810
      939        0.689        4.644            0      407.862      110.174       96.210
      940        0.631        4.606            0      405.443      113.878       93.933
      941        0.804        4.641            0      408.850       88.321       92.296
      942        0.918        4.603            0      403.004       91.883       92.386
      943        0.351        4.638            0      403.539      111.384       91.674
      944        0.796        4.592            0      401.092       86.809       96.529
      945        0.723        4.595            0      399.666      106.294       98.448
      946        0.711        4.687            0      409.421      107.863       91.763
      947        0.981        4.784            0      427.991       95.036       99.013
      948        0.689        4.799            0      431.650      116.286       89.386
      949        0.522        4.622            0      405.071      113.600       94.166
      950        0.472        4.857            0      422.861      106.319       97.141
      951        0.593        4.917            0      418.007      112.224       93.032
      952        0.813        4.759            0      414.415      135.070       95.152
      953        0.930        4.783            0      417.903      116.875       97.657
      954        0.429        4.858            0      420.350      123.282       96.141
      955        0.289        4.684            0      404.744      103.407       93.345
      956        0.695        4.698            0      405.994      119.040       93.578
      957        0.952        4.899            0      416.524      143.740       91.229
      958        0.647        4.534            0      395.364       95.589      104.005
      959        0.667        4.785            0      408.213      119.349       91.641
      960        0.747        4.819            0      421.872      106.113       95.265
      961        0.549        4.656            0      396.847       81.697      102.655
      962        0.841        4.755            0      402.507      102.731       98.300
      963        0.508        4.698            0      408.762       81.503       99.469
      964        0.868        4.850            0      407.124       71.050       99.582
      965        0.605        4.762            0      410.824      119.363       99.647
      966        0.733        4.875            0      416.670       97.307      101.085
      967        0.749        4.821            0      406.374      114.512       97.374
      968        0.655        4.751            0      402.247      122.629      103.737
      969        0.648        4.795            0      406.550      128.825       97.840
      970        0.840        4.768            0      406.661      135.400      103.530
      971        0.369        4.715            0      403.232      130.679       97.871
      972        0.607        4.734            0      407.536      131.548      102.047
      973        0.849        4.750            0      405.059      116.283      100.715
      974        0.309        4.848            0      405.194      114.069       99.061
      975        0.992        4.623            0      397.246      130.651      100.088
      976        0.744        4.599            0      397.962       90.984      100.083
      977        0.778        4.641            0      399.067      101.362      100.480
      978        0.608        4.559            0      392.179       98.603       98.693
      979        0.526        4.622            0      397.426       91.780       99.268
      980        0.487        4.764            0      411.747      115.866      102.612
      981        0.704        4.762            0      402.006      140.696      101.510
      982        0.884        4.632            0      403.102      110.109      103.288
      983        1.007        4.794            0      405.223      129.229      102.828
      984        0.646        4.538            0      392.993      117.842      103.095
      985        0.946        4.692            0      408.501       94.888      102.785
      986        0.568        4.673            0      403.460       78.077      103.248
      987        0.614        4.621            0      399.932       82.983      100.104
      988        0.518        4.690            0      404.925       75.755      103.726
      989        0.777        4.661            0      398.276       81.571      100.593
      990        0.825        4.765            0      410.523      108.172       99.710
      991        0.532        4.873            0      414.098       82.859       98.097
      992        0.796        4.815            0      408.762       81.960      100.416
      993        0.656        4.783            0      411.340       77.649       98.246
      994        1.027        4.734            0      406.840      124.547      100.159
      995        0.728        4.634            0      404.183       97.511      104.149
      996        0.767        4.717            0      408.821       80.127      104.417
      997        0.904        4.691            0      409.907       87.101       99.630
      998        0.878        4.669            0      398.105      103.914      100.866
      999        0.813        4.653            0      399.164      104.277      100.492
     1000        0.628        4.636            0      403.278      115.807       98.641
