## Torsion are defined with the following atomIDs:
# dihed1: ai= 18 aj= 17 ak= 12 al= 11
# dihed2: ai= 13 aj= 14 ak= 31 al= 32
# dihed3: ai= 15 aj= 11 ak= 4 al= 3
# dihed4: ai= 2 aj= 1 ak= 35 al= 40
# dihed5: ai= 1 aj= 35 ak= 40 al= 38
# dihed6: ai= 40 aj= 38 ak= 44 al= 45
# Frame#   dihed1   dihed2   dihed3   dihed4   dihed5   dihed6
0  -44.912   62.466  -60.407 -126.046   89.211  167.747
1  -45.264 -166.220  -59.362 -134.885   66.850  179.586
2  -31.810  -27.577  -86.342 -127.681   69.947 -174.016
3  -61.524  -76.180  -69.902 -123.224   68.059  174.818
4  -60.436  175.659  -58.863 -112.465   46.811 -160.605
5  -62.549    5.925  -58.260 -141.240   75.784 -171.396
6  -37.871   26.937  -55.377 -138.198   76.900  145.981
7  -60.078   -8.609  -64.259 -124.838   66.594 -168.135
8  -45.406 -122.862  -69.748 -144.481   64.604 -174.831
9  -46.338 -126.354  -59.227 -127.983   63.971 -156.835
10  -48.705  154.036  -60.882 -134.040   74.530  170.883
11  -67.956  -85.160  -59.964 -121.495   42.017 -163.843
12  -45.584 -122.772  -56.606 -132.131   63.007  177.005
13 -118.595 -100.342 -131.878  -70.357   65.088  152.626
14 -111.696  -10.728  -63.515 -142.622   81.048  163.820
15  -77.897   -7.179  -60.626 -142.047   67.715  174.139
16  -89.200    7.472  -59.360 -148.959   77.788  149.820
17  -91.739 -157.459  -47.257 -120.214   60.680  159.847
18  -97.465   15.168  -64.490 -118.446   50.788  175.470
19  -65.827    1.633  -55.919 -115.550   63.504  165.030
20  -61.055  -20.462  -62.504 -128.175   61.310  165.877
21  -60.431  107.173  -53.444 -126.952   55.066  171.439
22  -62.611  104.326  -45.585 -145.295   68.804  176.049
23  -70.422   26.129  -64.045 -122.395   51.245  174.943
24  -81.398  122.269  -72.919 -111.731   48.464  178.038
25  -76.038 -100.616  -50.272 -120.223   58.401  155.479
26  -80.897  125.301  -65.831 -121.023   72.506  157.667
27 -102.672    6.963  -70.506 -134.780   54.454  164.073
28  -66.176   -9.919  -53.203 -102.973   52.338  175.061
29  -68.490 -151.322  -57.953 -107.674   66.533  175.240
30  -78.770 -123.259 -110.156 -108.645   60.568  174.940
31  -97.436  105.769  -64.477 -128.891   66.789  156.275
32  -94.840   82.379  -46.706 -128.318   71.560  134.281
33 -125.841  142.863 -119.758  -88.789   45.602  178.234
34  -91.253  102.314  -67.386 -114.584   52.356 -175.621
35  -96.710    7.508  -72.025 -124.495   36.971 -175.378
36  -85.600 -114.730  -63.285 -137.959   53.419  179.872
37  -68.044 -144.484  -64.651 -115.422   48.611  163.054
38  -76.245   65.297  -51.415 -119.960   46.220  178.631
39  -58.170 -168.925  -28.733 -135.852   72.782  157.395
40  -80.156 -146.204  -71.306 -102.674   37.409  175.664
41  -83.003   96.881  -56.266 -125.037   51.579  174.923
42  -71.901   42.669  -60.812 -110.962   64.144 -168.966
43 -131.962 -135.906 -117.385 -122.646   71.745  163.089
44 -126.523  111.559 -100.031 -121.106   77.132  158.036
45 -133.493   -5.637 -108.299 -106.523   54.056  166.070
46  -96.335 -134.300  -94.370  -99.624   45.554 -175.525
47  -65.592  -16.544  -32.747 -142.716   58.392  155.754
48  -75.599  143.623  -87.774 -101.114   57.790  178.642
49 -130.939   10.207  -88.596 -102.900   36.908 -169.501
50  -87.643 -163.077  -87.190 -111.163   64.850  172.352
51  -65.405 -110.246  -76.624 -117.883   64.197  173.012
52  -66.958  117.247  -52.999 -125.216   61.035  169.237
53  -63.075 -138.043  -66.752 -113.363   48.634  169.516
54 -113.303   88.611 -105.039  -96.946   60.208 -168.269
55 -138.243   86.688  -98.006  -91.841   64.038  173.496
56 -104.521 -151.585  -58.774 -107.956   48.162  163.632
57 -102.889  -32.433  -82.605 -142.555   66.168  164.315
58 -136.323   -8.163 -107.144  -99.291   53.366 -171.758
59 -145.829  -12.703  -86.077 -120.716   76.397  177.197
60 -142.232  -18.445  -99.306 -127.035   57.821 -179.264
61 -124.723  -57.128  -98.692 -117.078   76.845  146.367
62 -138.590   25.870 -130.594 -108.174   72.241  158.807
63 -142.147 -112.177 -118.490  -96.707   55.717  177.112
64 -160.781 -132.554 -129.152  -93.969   74.458  140.629
65 -139.978   14.390 -110.676 -123.026   61.127 -173.827
66 -119.881  -25.715 -125.545 -106.654   87.338  151.967
67 -150.170  110.189 -140.141  -97.996   64.098  164.720
68 -133.630  123.690 -114.094  -97.284   63.981 -179.562
69 -152.154 -130.098 -122.161 -114.671   58.166  178.554
70 -133.456   -2.509 -127.008  -94.425   70.065  147.192
71 -148.342 -121.071 -116.242 -113.923   74.932  157.008
72 -130.685 -114.265 -111.453  -93.324   52.938  174.493
73 -145.681  -13.185 -109.770 -126.156   72.740  164.835
74 -141.832   92.218 -122.610 -109.537   58.569  177.794
75 -150.906 -123.704 -113.205 -104.379   67.592  171.910
76 -137.076 -144.916 -115.126  -96.599   61.936  167.777
77 -135.847 -125.609 -119.776 -104.190   76.053  166.261
78 -138.379 -147.274  -85.619 -124.893   64.969  166.258
79 -142.924  121.418 -119.563 -101.715   78.297  151.902
80 -123.142  125.980 -129.462  -92.925   60.497  179.799
81 -138.409   14.521 -120.724 -110.736   71.651  160.926
82 -146.058  134.819 -123.864 -104.926   61.650  163.445
83 -134.061   -1.617 -108.999 -105.308   65.226  158.171
84 -152.948  104.486  -96.868 -118.666   54.030  176.904
85 -132.238  130.891 -122.129  -94.380   78.957  153.582
86 -135.675 -131.090 -106.912  -98.822   59.732  169.929
87 -125.196 -125.087 -127.609  -94.805   66.695  177.650
88 -114.034  134.932 -124.309  -95.097   85.721  158.249
89 -132.546 -141.663 -120.114  -90.276   72.996  178.419
90 -129.469 -136.081 -119.308 -100.243   62.603  171.898
91 -129.333  -14.944 -118.768 -103.725   52.296  170.565
92 -128.669 -149.817 -124.381 -100.263   55.262  169.374
93 -136.551  -14.684 -108.960 -103.353   52.969 -177.505
94 -124.577  132.317  -91.415 -123.722   68.996  171.249
95 -131.745  133.562 -135.163  -89.293   65.388  164.024
96 -109.257  111.688 -105.722 -122.528   60.499 -174.848
97 -138.479  -88.249 -100.067 -119.899   73.660  156.169
98 -128.088 -129.384 -131.343 -103.560   71.594  159.417
99 -132.685    9.818 -112.665 -119.733   78.476  162.368
100 -129.909  123.627 -123.379 -116.018   52.216 -175.877
101 -144.453  144.180 -108.398 -134.126   69.149  176.874
102 -128.084  -13.532 -127.121 -101.088   68.115  173.664
103 -109.792   21.791 -119.561 -112.007   61.976  166.990
104 -134.030   -6.659 -103.446 -114.174   55.246  177.604
105 -128.290   15.646 -124.447  -88.314   84.148  166.792
106 -121.624  -13.332 -119.509 -119.369   61.628 -178.931
107 -138.329  110.699 -115.870 -120.655   51.437  177.570
108 -151.611   91.662 -113.420 -123.690   61.205 -174.387
109 -138.177 -123.134 -120.727 -105.252   68.266  178.459
110 -132.560   51.712 -112.890  -96.271   63.426  175.286
111 -138.584  -21.485 -120.517 -102.738   69.947  161.264
112 -139.219  -94.248 -122.846 -107.040   64.880  179.995
113 -128.413    5.309 -138.750  -81.833   65.100  171.953
114 -143.092    1.200 -121.041 -101.615   76.528  166.914
115 -137.437    7.991 -125.445  -96.980   51.603 -171.177
116 -132.019   20.876 -125.216  -98.298   65.971  171.903
117 -146.245  137.676 -121.612  -93.471   87.118  154.904
118 -136.536 -125.607 -107.607 -120.441   70.787  167.222
119 -126.720 -117.666 -104.950 -122.676   72.181 -172.074
120 -144.709 -134.153 -132.752 -109.982   67.654 -179.677
121 -140.881   -5.908 -115.090 -102.603   87.755  168.416
122 -141.945    4.303 -120.741  -95.951   64.773 -179.502
123 -131.378   17.869 -121.800 -113.409   59.374 -165.038
124 -153.511   11.552 -116.623 -111.101   74.564  159.547
125 -127.115 -108.287 -125.031 -110.349   51.130 -175.808
126 -148.057   -6.282 -133.270 -100.252   59.926 -178.925
127 -142.856  113.900 -119.680 -114.803   81.573  169.325
128 -142.993   38.892 -107.243 -109.209   56.228 -177.713
129 -127.956  125.132 -129.331  -98.021   66.481  164.634
130 -130.039   -4.950 -101.772 -124.533   71.066  164.434
131 -132.919 -121.407 -121.740 -118.303   75.362  161.984
132 -125.526   -1.518  -90.692 -135.702   71.582  171.409
133 -134.427  144.082 -131.835 -111.483   79.052  151.783
134 -113.942  137.064 -131.221 -102.493   70.976  165.238
135 -125.584  -48.433 -126.079 -109.207   77.137  174.813
136 -146.686 -114.441 -117.218 -113.001   71.206  172.022
137 -131.354   13.837 -145.496  -98.114   58.356  173.708
138 -132.111   -9.341 -119.597 -102.833   43.764 -172.681
139 -146.988 -125.721 -107.574 -121.442   76.980  166.244
140 -145.746  135.572  -99.796 -132.627   58.548  175.973
141 -142.283   22.092 -139.663  -91.821   97.750  145.751
142 -127.822  109.346 -121.697 -127.557   69.218  169.640
143 -153.163  133.246 -133.844 -103.994   84.289  147.339
144 -139.971  127.603 -130.609 -116.188  102.853  156.862
145 -124.781  128.008 -127.820 -105.067   54.265 -179.429
146 -149.272 -109.984 -127.502 -108.364   75.193  165.108
147 -127.048    2.062 -114.032 -118.992   73.480  152.992
148 -135.917  -97.151 -115.365 -102.960   75.299  175.461
149 -120.023  -17.090 -122.321 -111.753   53.616 -176.202
150 -149.226  126.458 -123.198 -104.795   83.935  155.001
151 -131.261  132.042 -113.001 -120.742   50.933 -170.373
152 -117.720 -116.231 -127.348 -120.665   74.412  179.623
153 -153.376  -11.342 -129.783  -99.331   67.367  160.517
154 -127.910   11.826 -102.765 -133.593   78.592  177.936
155 -125.567 -114.890  -97.926 -126.542   63.956  157.823
156 -138.108 -104.340 -132.877 -122.081   70.568 -177.349
157 -145.084   18.722 -120.750 -122.003   58.513  173.892
158 -131.948   -1.304  -98.894 -138.101   70.825  157.485
159 -156.088  -28.091 -103.841 -134.689   57.388 -179.140
160 -137.813  121.590 -113.826 -118.012   78.278  168.890
161 -140.349 -105.310  -85.837 -132.550   61.821  174.835
162 -152.393   -7.100 -112.432 -116.843   51.440 -177.704
163 -142.915  107.027 -106.675 -100.199   58.705 -172.788
164 -127.290   96.201 -101.890 -111.960   61.750  165.797
165 -155.135  138.295 -123.896 -101.537   83.604  162.180
166 -132.857  110.261 -113.087 -102.727   63.171  163.115
167 -140.082 -105.076 -104.094 -125.122   63.023  164.384
168 -141.003 -124.421 -124.513 -133.636   68.556  171.928
169 -142.628  148.356 -131.346 -109.995   83.942  164.807
170 -148.357  -13.933 -122.058 -106.182   84.635  156.634
171 -144.900   33.067 -136.501  -96.725   46.200  171.388
172 -116.676   98.661 -114.396 -120.276   60.303  172.570
173 -141.871    8.134 -102.307 -115.688   72.228  164.332
174 -175.594 -120.844 -105.770 -118.961   64.708  168.550
175 -152.790 -102.786 -129.741 -122.049   50.849 -171.435
176 -129.052  140.144 -137.490  -92.062   29.484 -150.075
177 -131.320  136.571 -112.702 -120.651   64.002  164.328
178 -154.995 -117.720 -127.748 -103.357   55.877  174.518
179 -114.860 -129.284  -94.223 -133.953   52.686  175.596
180 -150.712 -177.745 -127.512 -117.394   62.265  172.634
181 -130.590 -114.493 -114.273 -109.832   68.289  179.690
182 -153.452 -139.415 -118.754 -128.476   80.790  163.088
183 -135.306 -124.080 -130.706 -105.966   75.085  171.085
184 -101.436  -14.118  -77.752 -141.339   68.770  176.942
185 -130.437 -122.199  -84.877 -131.511   72.005  174.660
186 -120.729 -149.505 -127.698  -97.428   80.948  164.588
187 -142.336  126.421 -134.740  -96.563   59.200  176.627
188 -140.036 -134.813 -131.575 -114.459   58.302 -165.615
189 -130.548   24.925 -135.969 -102.758   72.890  165.698
190 -163.330 -111.700 -116.882 -118.845   72.643  160.597
191 -148.771 -165.239 -118.316 -110.382   78.391  162.681
192 -151.782    4.975 -102.221 -119.162   67.528  174.802
193 -138.822   22.877 -134.546 -108.964   73.333  176.022
194 -123.818  153.708  -88.133 -137.483   71.703  162.903
195 -144.627   15.565 -123.156 -119.301   74.647  164.400
196 -135.430   19.759 -110.779 -124.557   58.566  177.878
197 -142.727  124.608 -126.475 -119.865   59.654  173.765
198 -144.991  -26.589 -115.311 -114.639   86.003  154.147
199 -149.980    7.489 -126.063 -111.740   67.511  168.829
200 -136.361  115.351 -109.589 -104.114   69.970  172.266
201 -141.010 -105.141  -86.004 -134.254   55.561 -172.147
202 -137.227  111.637 -117.808 -122.677   76.791  155.535
203 -149.147  130.747 -116.130 -124.153   54.314  167.794
204 -151.322  106.457 -114.112 -122.040   70.419  172.246
205 -129.379  -10.273 -116.019 -105.572   76.009  176.343
206 -126.490  123.549 -106.168 -127.518   58.234 -172.307
207 -145.026   96.185 -129.108 -129.143   63.300 -164.484
208 -129.261 -133.122 -125.077 -103.719   66.025  173.582
209 -140.924 -118.079 -141.128 -100.106   53.684 -177.432
210 -119.479 -112.315 -123.137 -103.441   71.148  174.028
211 -150.989  -76.163 -107.483 -125.064   75.508  170.815
212 -133.489 -174.661 -125.090 -109.481   43.952 -160.640
213 -141.749  113.135 -114.134 -125.852   68.005  169.879
214 -140.904 -122.920 -123.385 -109.815   68.277  172.320
215 -160.115  -91.488 -113.802 -108.982   41.610 -175.891
216 -114.944    9.113 -125.345 -109.021   41.481 -154.544
217 -147.250  108.912 -127.360 -123.234   73.214  169.561
218 -139.462   22.312 -113.837 -112.358   65.190  174.710
219 -148.436 -139.161 -125.647 -108.640   61.174 -174.575
220 -153.609 -118.192 -116.374 -128.681   70.495  176.741
221 -153.339   21.336  -96.571 -124.921   67.436  173.706
222 -112.311  127.297 -106.816  -93.912 -115.644  -20.694
223 -143.596  126.830 -115.267  -98.526  -89.323  -16.651
224 -109.373   38.587 -127.768  -96.058  -71.347  -26.222
225 -141.453  133.023  -77.455 -153.351   59.144 -173.728
226 -121.616  163.426 -132.216  -97.755   78.303  158.044
227 -149.844  134.139 -128.756 -125.336   82.294  171.224
228 -131.261 -117.414 -108.434 -124.473   58.237 -169.081
229 -141.082 -140.467  -99.573 -129.911   83.627  162.612
230 -149.667   16.037 -100.329 -139.612   66.022 -177.877
231 -143.551    4.548 -127.115 -113.905   57.940 -168.234
232 -135.755  -98.840 -134.668 -116.824   72.422  168.861
233 -143.310 -172.262 -122.631 -116.854   65.968 -169.221
234 -130.622   -9.492 -111.326 -116.427   66.894 -179.079
235 -108.386   -7.939 -129.128 -108.371   60.228  169.702
236 -142.628 -109.006 -123.931 -120.682   60.694 -174.707
237 -138.983  103.062 -131.972 -116.318   69.775  152.286
238 -116.282   82.579 -129.531  -91.511   52.992  168.199
239 -137.470  -17.608 -141.663  -93.576   47.767  165.921
240 -125.616   58.731 -121.945 -117.308   59.851  178.642
241 -123.480   77.784 -130.444 -110.519   47.880  164.832
242 -133.590 -140.732 -138.373 -102.167   66.933  177.393
243 -120.766  -46.107 -123.608 -124.388   77.453 -174.006
244 -132.553 -144.440 -128.823 -124.208   74.588  169.368
245 -135.788   26.279 -148.576 -103.734   49.076 -172.520
246 -152.902 -133.363 -123.074 -131.003   73.748 -177.664
247 -122.096  164.237 -147.515 -113.977   77.706  169.863
248 -151.217   30.464 -118.270 -137.184   84.348  160.684
249 -155.759   38.795 -127.163 -126.506   65.715 -168.388
250 -143.606   24.225 -121.304 -123.432   80.883  179.099
251 -151.559  120.780 -127.407 -117.106   44.313 -179.785
252 -142.937 -106.342 -123.695 -117.960   78.850  171.001
253 -152.990 -115.260 -140.624 -107.178   60.131 -175.604
254 -141.347    6.273 -136.961 -108.770   63.878  163.033
255 -127.146  145.957 -130.875 -101.659   76.106  167.395
256 -129.003 -127.217 -132.006 -108.909   84.316  161.937
257 -120.756 -145.861 -139.167 -104.215   63.528  168.951
258 -141.946   92.568 -141.129 -115.867   78.987  172.600
259 -151.757   -1.885 -124.074 -135.960   73.418  171.207
260 -143.345  -11.735 -114.636 -136.652   73.202  159.076
261 -142.428  107.283 -131.349 -129.426   86.676  155.033
262 -130.657  -16.602 -108.580 -120.051   55.679  176.822
263 -142.279  -95.803 -128.208 -112.632   57.489  179.478
264 -144.136  116.170 -134.496 -123.767   64.361  175.405
265 -140.708 -108.058 -107.414 -142.361   81.928  170.697
266 -139.822 -149.884 -120.960 -113.303   45.073 -164.922
267 -151.982    6.076 -117.930 -121.563   73.304  174.610
268 -134.203    5.015 -114.434 -111.596   71.394  169.225
269 -136.668 -108.636 -118.447 -117.639   49.355 -172.599
270 -138.859  -89.842 -108.859 -120.628   68.585  164.829
271 -143.626   94.805 -130.870 -107.620   71.784  175.897
272 -130.005   20.012 -123.463 -126.898   68.390 -169.558
273 -135.454 -141.151 -135.182 -115.143   85.822  177.955
274 -134.048  -87.102 -121.964 -124.928   61.504 -173.463
275 -121.052 -115.129 -140.369 -124.406   74.652  157.086
276 -146.589 -107.932 -115.051 -107.822   54.019 -173.867
277 -138.306    1.228 -139.314  -98.394   63.015  176.193
278 -117.274 -151.474 -129.403 -101.582   31.431  171.017
279 -128.653   -5.813 -129.844 -113.547   85.437  149.622
280 -147.153   46.126 -127.216 -122.480   81.662  160.051
281 -132.868 -170.293 -125.913 -106.495   55.779 -178.737
282 -132.731   -8.847 -121.384 -123.408   61.191  167.851
283 -124.629  -12.304 -139.047  -94.095   68.694  179.894
284 -146.128 -105.297 -114.418 -114.203   84.665  172.914
285 -146.219  174.654 -121.334 -118.759   75.072  174.656
286 -128.213  116.621 -122.079 -114.922   81.783  161.490
287 -129.355   -5.639 -128.023 -119.393   69.147  156.961
288 -133.446   81.309 -153.217  -98.511   69.522  174.308
289 -135.840  -87.962 -130.109 -108.411   60.567  175.397
290 -122.961  103.403 -130.267 -109.143   73.385  166.052
291 -123.243  110.369 -136.741 -101.172   68.418  174.344
292 -139.807 -149.117 -117.033 -116.049   76.807  163.660
293 -118.911  124.937 -123.548 -120.029   69.452  171.916
294 -139.428   -8.474 -128.389 -108.417   59.319  174.879
295 -133.180  102.386 -143.340 -100.129   55.874 -179.401
296 -141.651 -107.468 -119.926 -112.710   69.159  172.683
297 -122.312    3.858 -132.027 -117.583   78.330  163.225
298 -139.851  -17.128 -136.001 -101.600   68.146  167.135
299 -119.187  126.267 -134.144 -112.088   57.833  170.779
300 -148.106  -22.413 -124.950 -114.648   62.923  178.822
301 -161.666  103.105 -128.698 -119.890   72.654  172.444
302 -143.425   -4.745 -126.006 -113.540   56.219 -158.132
303 -137.248 -146.689 -124.495 -121.277   49.398 -163.526
304 -127.708 -134.646 -126.638 -111.635   71.142  175.482
305 -144.047  -40.813 -127.840 -128.809   69.523 -171.701
306 -136.749   -9.145 -127.924 -104.613   81.859  154.977
307 -121.483   -5.306 -116.047 -134.526   66.702  164.838
308 -157.572  106.148 -104.744 -142.942   83.899  175.076
309 -144.674   -5.146 -138.686 -101.996   84.951  159.302
310 -139.001  -98.384 -132.774 -110.027   85.872  146.397
311 -148.933 -136.790 -135.482 -120.286   71.127  164.301
312 -135.567  -99.860 -124.622 -117.103   57.833 -174.207
313 -146.890   -6.984 -117.694 -121.123   74.577  150.707
314 -132.540 -111.254 -135.063 -111.053   82.361  167.682
315 -160.292  -12.525 -102.749 -118.183   83.077  153.594
316 -140.630  136.718 -127.025 -134.015   76.167 -177.308
317 -135.007  -30.281 -132.187 -106.430   97.446  170.528
318 -135.277  110.495  -90.542 -137.816   60.831  170.928
319 -132.814  -86.053  -93.624 -140.719   68.240  159.479
320 -139.674   92.847 -109.631 -112.090   76.522  173.629
321 -138.855  -92.826 -102.976 -136.341   68.865  161.365
322 -138.016  142.161 -129.989 -134.624   78.688  155.687
323 -151.218 -126.733 -125.693 -148.283   59.034 -172.262
324 -171.446  -86.221 -117.975 -127.963   72.912  167.848
325 -135.364  112.081 -124.013 -135.693   67.402  178.217
326 -138.663  122.546 -104.960 -135.471   74.380  155.559
327 -146.272   33.589 -109.961 -127.292   69.393  177.671
328 -158.491   47.822 -116.462 -124.555   64.779  162.609
329 -151.316  177.583 -131.186 -136.588   88.541  173.629
330 -150.826   99.187 -107.280 -119.499   59.790 -159.987
331 -148.715   17.688 -118.266 -116.054   61.324 -179.743
332 -162.153 -131.606 -120.144 -125.323   81.183  154.371
333 -129.350  110.750 -113.951 -120.518   53.202 -170.492
334 -125.693   93.111 -144.422 -114.269   82.806  175.457
335 -139.654 -153.763 -115.946 -117.074   91.754  176.789
336 -153.930 -130.882 -105.320 -131.250   49.908 -151.492
337 -137.327  -15.681 -128.760 -150.783   93.189  172.965
338 -129.636 -121.260 -131.855 -133.719   91.922  166.363
339 -138.700  159.712 -127.664 -124.619   67.355  177.915
340 -155.300   84.998 -131.099 -118.150   71.105  177.815
341 -146.053   93.092 -129.901 -118.642   71.026  176.038
342 -153.976  -20.396 -108.355 -139.421   65.819 -160.978
343 -148.169  104.723 -140.927 -116.468   62.106 -162.020
344 -131.873 -113.891 -133.339 -123.068   69.205  175.290
345 -121.396   56.916 -143.860 -135.931   79.950  166.278
346 -149.346   -7.705 -118.022 -118.389   52.876 -179.170
347 -136.331  -13.245 -111.363 -136.347   87.307 -171.234
348 -128.924  -37.775 -139.974 -127.296   96.409  160.255
349 -154.031  109.072 -124.425 -118.226   50.013 -161.995
350 -124.580  -39.617 -112.832 -126.101   78.160 -176.050
351 -127.175 -167.149 -128.182 -127.065  104.465  178.035
352 -132.796   94.190 -127.838 -109.087   67.572 -168.227
353 -153.865   31.415 -132.332 -124.143   70.124 -179.086
354 -157.754  -68.818 -115.782 -124.010   74.642 -168.731
355 -122.329 -152.985 -123.249 -145.146   97.130  177.197
356 -149.330   94.313 -142.546 -110.962   79.171  170.530
357 -148.086 -128.551 -138.568 -114.596   89.134  170.330
358 -150.532 -143.260 -102.887 -146.347   53.221 -168.990
359 -148.423  -51.873 -107.400 -124.327   76.590 -176.033
360 -138.883 -134.531 -117.005 -118.216   57.473 -176.499
361 -147.006  -26.078 -124.975 -121.970   70.309 -177.961
362 -133.362  -58.480 -126.921 -138.126   79.909  173.417
363 -134.631   79.855 -126.407 -117.373   47.964  178.129
364 -142.672 -141.813 -122.913 -128.278   79.133  177.047
365 -153.168 -129.824 -108.430 -159.355   76.421 -171.192
366 -138.658  -87.799 -121.039 -131.694   75.572 -176.744
367 -149.235  114.944 -132.237 -128.473   70.053  176.755
368 -143.271    1.835 -127.367 -127.875   86.242  177.334
369 -147.946  117.871 -134.850 -135.442   72.753 -157.311
370 -169.509 -113.247 -126.783 -132.439   68.962  176.494
371 -127.884  -10.162 -108.827 -146.028   72.250 -176.356
372 -150.360  115.659 -116.978 -136.001   60.630 -165.120
373 -148.895  148.261 -133.799 -138.803   86.093 -162.547
374 -140.970  138.340 -145.065 -116.559   82.235 -168.776
375 -144.397   -0.478 -119.604 -136.908   76.670  169.037
376 -144.529  114.049 -118.757 -129.944   76.838 -177.606
377 -137.217   12.740 -134.340 -107.655   73.585  172.012
378 -143.364  178.186 -129.124 -118.729   60.679 -157.083
379 -130.830  -13.212 -108.098 -139.219   81.946  169.235
380 -154.399   -3.002 -121.033 -117.128   90.286  177.106
381 -134.045   42.189 -132.444 -126.975   75.349  168.754
382 -146.681   20.493 -119.967 -136.868   85.427  171.885
383 -138.387  132.685 -135.548 -115.705   42.518 -173.612
384 -136.967 -132.231 -120.900 -138.853   67.814  174.712
385 -149.200  135.910 -129.307 -140.677  103.347  165.130
386 -160.485 -118.394 -128.041 -128.353   65.611 -178.737
387 -135.787  -15.335 -117.166 -133.329   59.724  176.540
388 -153.493   15.004 -127.882 -130.795   89.870 -175.093
389 -158.849  116.527 -126.233 -144.037   73.305 -172.492
390 -134.640  -12.735 -127.639 -118.553   73.405 -165.163
391 -158.258  130.186 -120.754 -134.777   63.613  177.132
392 -135.105  -35.851 -123.207 -151.624   66.585 -157.727
393 -137.461  120.199 -124.433 -154.985   62.460 -165.548
394 -134.653   -5.587 -117.750 -146.585   75.874  179.979
395 -136.010  -59.852 -124.751 -130.436   75.545 -166.447
396 -126.554   18.853 -108.363 -127.342   52.835 -179.704
397 -127.666 -133.483  -83.607 -132.857   99.519 -177.479
398 -113.563  141.159  -82.087 -115.617   74.749 -166.781
399 -118.074   95.155  -99.907 -104.947   83.987 -179.126
400 -123.842  -25.721 -108.232 -135.199   90.651  178.024
401 -106.476   89.488 -139.545  -97.095   95.081 -169.635
402 -105.639    6.180 -139.339 -112.342  137.063  167.562
403  -60.400  109.411  -65.727 -149.335  100.253 -178.353
404 -150.376   21.129 -141.675  -96.537   91.998 -178.254
405 -144.802 -101.353  -98.214 -137.566   87.718 -160.396
406 -140.550 -175.896 -107.592 -109.398   73.885 -151.284
407 -130.435 -134.418 -105.261 -126.303  112.397  166.572
408 -139.751   15.999 -113.681 -106.641   85.906 -167.073
409  -59.148  -93.189  -27.281  179.255  105.312 -172.380
410  -37.639  -88.821  -45.575 -175.042   93.466 -165.556
411  -67.678 -100.894  -47.270 -143.043   77.746  167.076
412  -31.336   24.073  -44.872 -144.201  155.921  116.001
413  -52.064  103.198  -54.995 -162.006  101.507  167.266
414  -50.789   92.266  -43.851  176.199  122.585  166.734
415  -49.423    7.687  -75.326 -146.267   95.034  167.073
416  -11.261 -122.251  -52.819 -138.003   68.042 -152.451
417   28.613 -109.632 -102.572 -108.211   59.981  179.136
418  -44.757  -31.211  -55.413 -166.008   82.119 -156.323
419  -40.453 -107.513  -64.802 -154.222   99.773 -165.706
420  -62.831   54.622  -29.219 -169.866  101.035  173.263
421  -52.003  -12.589  -42.066 -154.891  102.805  167.816
422  -27.941  -16.391  -56.753 -141.146   74.555 -166.289
423  -38.871  123.076  -67.957 -129.386   62.075 -151.286
424 -133.358 -103.737 -120.444  -87.960  101.003 -174.932
425  -62.593  -13.320  -56.554 -162.867   81.290 -169.708
426  -53.655   18.940  -76.085 -127.911  103.431  174.748
427  -35.828  -18.330  -71.627 -146.510  101.166 -176.389
428  -69.870  127.579  -42.640 -153.069   82.758 -179.043
429  -53.904 -125.222  -50.411 -144.610  102.837  167.757
430  -77.235    4.183  -52.335 -150.544   82.026  175.026
431  -72.564 -161.677  -60.060 -137.758  100.141  146.589
432  -33.490 -126.683  -47.348 -154.274   88.455  176.856
433  -48.173  -16.919  -37.638 -157.738   88.936  168.321
434  -56.262 -134.208  -50.001 -142.955   84.571  179.699
435  -60.203   -5.255  -50.724 -153.826  101.069  168.214
436  -65.812  -16.504  -43.944 -166.444   74.149 -169.002
437  -46.140 -122.713  -61.670 -152.189   67.875 -174.977
438  -23.795  130.825  -39.356 -165.236   88.183 -172.827
439  -59.715 -115.296  -41.406 -150.187   73.382 -163.623
440  -89.355  -23.895  -51.216 -146.015   77.982 -170.139
441  -58.024 -109.070  -51.616 -146.512   76.395 -172.823
442  -46.862  -89.729  -44.090 -156.692   74.619 -156.683
443  -81.068   11.217  -33.731 -146.785   89.454  159.652
444  -54.179  -45.406  -43.252 -154.539   70.476 -177.762
445  -33.562   36.560  -47.764 -157.591   93.089  153.875
446  -59.407  145.712  -32.417 -170.096   79.681 -158.995
447  -58.638   -7.627  -54.223 -160.484   76.753 -175.318
448  -50.547  138.560  -58.591 -138.157  120.992  151.162
449 -142.663    0.339  -90.387 -111.701  131.537  127.336
450 -134.002   96.903 -118.194 -112.309  143.563  153.689
451 -139.559   11.192  -96.684 -100.596  152.980  145.970
452 -130.315 -122.677 -145.232  -72.441  141.312  152.961
453  -73.650 -130.430  -74.009 -165.944  136.688  173.332
454  -81.317 -105.456  -61.929 -157.091  136.963  160.657
455 -105.337  108.645  -91.730 -125.399  179.535  137.434
456 -122.999  123.969  -81.882 -127.174  162.058  141.943
457 -108.977   92.042 -128.037 -109.484  164.206  145.446
458 -121.296  -22.741 -147.916  -90.371  160.487  151.966
459 -123.054  -30.137 -139.679  -84.858  141.277  176.301
460 -133.610  -30.001 -147.716 -102.506  124.267 -178.261
461 -125.443  -36.505 -113.162 -109.173  149.665  144.647
462 -132.687  119.134 -139.335 -108.086  168.130  172.311
463  -43.575  -12.610  110.180   -2.270  148.960  163.577
464  -58.715   99.556  141.453  -18.211 -178.991  132.478
465 -119.045 -139.302 -122.843 -101.403  167.166  153.216
466 -131.844   33.885 -124.327  -75.167  -73.166   24.781
467 -116.782   18.341 -124.772  -62.416  -84.313   17.857
468 -114.296  -18.434 -136.358  -76.685  -73.367   35.709
469  -99.233  103.337 -122.656  -87.717  158.020  160.437
470 -144.098 -132.685 -125.975  -95.760  120.661  158.155
471 -120.254 -122.124 -105.137  -83.265   88.450  178.512
472 -141.563  -26.963 -108.363  -79.101  100.944 -163.281
473  -70.892  -99.748  -39.281 -128.584 -178.369  159.467
474 -108.252  -45.801 -119.406  -55.360 -164.942  158.330
475  -71.798   -9.999  -36.402 -106.896 -170.768 -164.955
476  124.160 -101.350  -62.342 -106.439  -83.231  169.693
477   39.114 -106.230  -90.300  -72.190 -123.365 -154.440
478   36.986 -110.876 -103.765  -73.165  -87.825  164.638
479   35.782 -114.305 -130.107  -29.876  -88.587  176.697
480   43.405 -126.255 -109.095  -88.493 -102.713  165.793
481  103.022 -165.371  -45.698 -119.982 -146.016 -156.651
482  132.119  -77.695  -52.436 -131.996  -96.116  179.802
483  105.260   27.854  -34.878 -137.043  -96.900  175.357
484  117.679   43.739  -62.094  -72.806  -79.109  158.296
485  103.102  137.367  -54.317 -108.670  -78.167  176.958
486 -144.454  133.398  -84.329  -83.481  -37.274  170.500
487  135.201  135.703  -53.674  -88.825  -81.607 -178.403
488  133.023   74.233  -56.263 -106.643  -84.261 -162.390
489  128.409   87.232  -42.243 -112.995  -84.867 -175.287
490  125.161  104.101  -34.615 -109.315  -92.863 -166.999
491  139.840   29.611  -68.526  -82.778  -60.737 -152.591
492  123.846 -144.023  -70.268  -77.151  -64.735 -163.606
493  113.119  118.846  -51.293 -100.616  -68.984 -147.021
494  -60.469   66.760  -47.310  -94.780  -83.780 -136.602
495  -49.316 -125.398  -73.914  -81.829  -89.222 -143.492
496  -48.468    0.303  -52.079  -96.591  -62.804 -159.139
497  -39.591  105.928  -48.433  -94.127  -76.055 -155.578
498 -152.160 -113.542 -120.995  -29.594  -88.848 -155.683
499  -54.802  140.694  -37.589 -103.840  -73.697 -159.667
500  -35.331  -97.076  -63.155 -101.739  -70.031 -145.046
501  -49.419  124.941  -66.895  -76.721  -62.780 -161.028
502  -36.394 -125.076  -54.399  -91.661  -66.221 -155.042
503  -45.383  -96.019  -59.818  -70.409  -74.905 -155.362
504  -36.081  -14.725  -72.506  -81.592  -78.428 -157.300
505  -42.313   91.838  -49.894  -92.399  -77.563 -135.488
506  -49.785  107.593  -60.259  -88.469  -77.551 -157.883
507  -44.818   -2.482  -68.823  -83.305  -65.812 -148.585
508  -65.177   -4.334  -45.370 -102.185  -89.875 -130.375
509  -37.684  -89.485  -68.538  -79.254  -77.149 -152.020
510  -49.739   19.241  -55.808  -94.795  -64.634 -136.103
511  -39.227  132.832  -84.200  -62.635  -77.264 -155.312
512  -37.817 -127.676  -55.304  -91.508  -59.708 -166.440
513  -56.149  -11.766  -51.316  -84.143  -73.917 -147.638
514  -35.989   24.983  -67.940  -92.213  -61.263 -154.597
515  -67.601  117.299  -63.527  -81.094  -71.936 -152.132
516  -40.196  -20.215  -38.353  -86.534  -53.338 -165.708
517  -43.688   -6.782  -63.137  -85.958  -58.545 -157.861
518  -40.013 -113.301  -61.892  -74.875  -59.450 -164.280
519  -45.192 -138.639  -59.582  -81.176  -66.838 -166.307
520  -64.902  128.732  -47.883 -107.310  -58.386 -151.767
521  -58.839 -134.287  -59.348  -96.252  -57.265 -160.757
522  -53.951  153.394  -58.412  -86.148  -59.711 -158.259
523  -47.120  -95.249  -64.338  -79.812  -51.233 -171.226
524  -56.915  131.527  -57.097  -79.340  -64.653 -155.851
525  -55.712 -108.811  -64.956  -83.341  -56.752 -158.164
526  -37.996  130.499  -69.523  -96.136  -97.809  176.256
527  -52.950   17.963  -28.671 -127.633 -124.556 -160.160
528  -47.385   14.177  -53.172 -129.401 -133.070 -163.018
529  -42.447 -173.841  -34.856 -130.385 -125.639 -156.021
530  -54.016  -48.952  -47.407 -112.848 -127.496 -153.089
531  -42.443 -127.824  -55.027 -119.301  -97.071 -137.060
532  -62.634   76.880  -44.903 -103.478  -74.626 -171.721
533  -28.676  155.390  -55.106 -104.360  -64.534 -162.370
534  -48.901 -120.952  -44.057 -111.456  -83.069 -149.146
535  -41.510   39.422  -59.260 -102.586  -64.567 -156.434
536 -149.415  -19.357 -102.889  -62.474  -67.880 -134.916
537  -47.542    3.714  -72.636  -83.263  -49.639 -165.201
538  -35.264   19.874  -50.604  -98.476  -55.343 -169.675
539  -44.953 -152.943  -60.798  -81.786  -59.146 -167.657
540  -55.500  105.037  -85.632  -59.918  -85.362 -130.967
541  -41.887    8.008  -56.928  -93.581  -51.669 -164.959
542  -45.004 -122.736  -62.072  -92.383  -61.034 -172.086
543  -43.899  -33.950  -37.925  -93.897  -76.955 -138.083
544  -51.749 -122.416  -65.140  -79.638  -77.838 -151.581
545  -49.373 -123.735  -52.453  -93.112  -57.913 -151.366
546  -50.359 -115.845  -50.697  -86.986  -88.151 -146.844
547  -49.404  142.041  -60.156 -103.377  -99.390 -155.711
548  -39.574 -139.126  -40.378 -121.907 -104.292  175.530
549  -53.651  150.687  -58.995  -90.445  -52.233 -165.273
550  -44.759  -97.246  -49.387 -106.747  -86.804 -167.169
551  -45.434  119.721  -83.126 -101.597 -152.664 -144.194
552  -77.304  105.605  -50.797 -106.507  -97.409 -171.569
553  -41.859 -100.019  -47.385 -119.192 -111.214  178.542
554  -55.312   72.811  -75.468  -77.581  -96.526 -178.880
555  -41.098   38.396  -40.672  -99.248  -93.508 -176.647
556  -49.978 -153.769  -50.016 -105.127  -90.775  165.786
557  -36.378    3.398  -54.920 -118.616 -127.344 -170.514
558  -41.504  -43.698  -51.694 -109.352  -91.903  178.787
559  -32.868   22.581  -61.495  -92.289  -93.071 -173.702
560  -47.637  121.739  -60.417  -88.885  -94.887  169.811
561  -50.186 -107.606  -37.607 -114.119  -75.714  173.876
562  -47.438 -140.409  -42.891 -115.564 -109.954  177.073
563  -32.276   76.786  -75.054  -99.685 -114.537 -176.127
564  -48.056 -116.745  -46.454  -88.874  -62.694 -153.194
565  -31.555  135.239  -61.494  -83.542  -69.311 -156.005
566  -60.434  155.383  -36.808 -107.153  -62.524 -146.571
567  -42.228 -101.467  -61.301  -92.390  -75.430 -136.776
568  -35.214   48.694  -75.002  -78.733  -49.478 -170.261
569  -44.977  167.878  -59.363  -70.104  -69.903 -168.669
570  -40.637 -168.603  -80.562  -52.869  -71.152 -170.349
571  -54.574  105.849  -45.278  -77.928  -68.025 -155.632
572  -41.032   32.940  -72.006  -85.563  -87.280 -122.561
573  -43.800   97.518  -77.291  -73.652  -43.880 -167.732
574  -48.427  153.456  -63.914  -78.956  -71.758 -170.608
575  -53.033    0.447  -46.308  -93.597  -76.901 -151.872
576  -41.544  -81.510  -58.815  -83.004  -64.573 -169.209
577  -44.128   42.716  -57.826  -77.389  -51.290  173.666
578  -42.830   82.563  -58.619  -85.065  -62.814 -153.855
579  -55.204 -113.359  -54.637  -84.926  -53.009 -164.507
580  -56.565 -157.879  -46.741  -47.700  -78.815  173.741
581  -57.373 -139.969  -51.567  -87.942  -70.418 -175.668
582  -46.232  -32.556  -70.347  -65.181  -48.127  171.641
583  -57.571   20.964  -45.144  -94.955  -61.911 -168.832
584  -39.489  148.532  -51.640  -89.026  -60.409 -153.016
585  -80.908 -101.168  -48.728  -92.279  -74.677 -145.096
586  -66.380 -109.006  -51.125  -94.447  -76.045 -153.244
587  -30.596  116.178  -59.347  -88.955  -74.691 -137.624
588 -132.866    7.633  -68.614  -85.349  -61.996 -177.745
589  -61.419   22.111  -37.549 -101.168  -72.889 -143.337
590  -73.457   31.241  -35.661 -112.858 -140.382 -158.875
591  -64.443  131.197  -70.196  -92.418  -58.113 -162.283
592  -33.376  152.779  -67.657  -93.006  -72.911 -158.373
593  -37.102  172.733  -51.597 -108.929  -73.578 -150.153
594  -54.731  -12.144  -51.385  -87.419  -56.113  177.665
595  -42.653   15.178  -40.231  -99.699  -58.900  177.626
596  -32.180  122.840  -50.243  -83.388  -58.548 -163.167
597  -52.544    2.600  -55.135  -74.076  -65.978 -164.411
598  -41.187  125.082  -61.917  -91.160  -75.357 -151.585
599  -42.864    7.541  -63.762  -73.287  -73.247 -169.607
600  -58.206  147.307  -50.830  -78.015  -69.497 -162.155
601  -36.187  166.961  -62.641  -84.344  -52.801 -153.693
602  -37.299   -1.155  -54.317  -76.531  -63.643 -170.597
603  -45.048  -98.325  -53.776  -91.348  -52.173 -168.530
604  -39.646  135.137  -57.633  -90.052  -36.933  179.023
605  -34.219   13.863  -49.267  -84.210  -70.720 -155.437
606  -54.325 -105.076  -57.723  -71.235  -55.634  170.685
607  -31.325   18.329  -50.912  -79.202  -64.172 -178.767
608  -38.654  151.185  -42.782  -88.016  -62.701 -179.685
609  -31.079  147.732  -50.250  -82.826  -60.642 -178.930
610  -38.573  -90.656  -46.415  -79.435  -64.499 -175.049
611  -64.941  153.978  -54.665  -78.448  -71.591 -179.878
612  -38.367  122.336  -43.638  -73.835  -68.669 -153.892
613  -41.315  160.730  -40.671  -76.696  -82.973 -159.906
614  -42.861   35.624  -47.725  -63.897  -76.410 -158.241
615  -52.049  -95.199  -49.931  -83.690  -78.251 -159.454
616  -64.039   32.374  -52.335  -80.407  -69.230  176.771
617  -57.306  104.133  -59.780  -75.614  -79.670 -156.405
618  -93.845    4.599  -51.641  -96.291  -69.715 -150.171
619  -44.430   17.404  -57.457  -87.482  -75.106 -162.552
620  -37.435  -13.004  -55.185  -86.368  -73.259 -171.999
621  -50.609  121.221  -37.979  -83.130  -88.480 -150.198
622  -57.322    4.062  -40.585  -99.047  -69.627 -163.114
623  -55.943  -12.156  -49.917  -93.263  -67.763 -140.210
624  -40.618  116.998  -82.507  -97.300  -26.589  165.291
625  -44.070  131.622  -58.607  -84.119  -53.134 -171.547
626  -64.814 -101.048  -81.892  -61.991  -83.123 -133.505
627  -43.389 -116.625  -48.992  -85.603  -67.517 -158.401
628  -52.380    1.650  -61.052  -76.291  -61.767 -163.291
629  -33.766  -13.503  -48.267  -82.002  -69.609 -160.778
630  -52.885   99.694  -74.351  -82.259  -86.270 -146.215
631  -75.673 -136.133  -48.026 -102.166  -83.415 -147.107
632  -56.540   93.806  -62.508  -89.002  -80.410 -133.659
633  -76.070   -7.537  -53.258  -93.385  -67.319 -149.072
634  -30.983 -129.304  -51.788  -97.521  -72.593 -157.477
635  -71.781  124.685  -60.199  -81.105  -60.573  179.996
636  -73.393  128.055  -48.998 -110.668  -74.009 -143.852
637  -51.049  141.270  -36.802 -116.565  -74.300 -154.960
638  -56.376    9.581  -53.338 -105.427  -54.195  176.683
639  -48.163  141.336  -56.079  -98.917  -69.453 -169.389
640  -45.495   -2.362  -70.008  -88.385  -77.179 -152.575
641  -39.295   21.224  -37.203 -105.628  -68.121 -157.599
642  -62.496  156.382  -44.060  -87.679  -69.666 -152.460
643  -54.316 -113.539  -52.770  -86.114  -77.676 -152.187
644  -79.044  -58.291  -32.304 -107.039  -82.576 -143.242
645  -46.250   27.661  -50.157  -91.343  -73.910 -153.524
646  -48.368   29.243  -52.374  -73.914  -58.652 -179.604
647  -42.171  -93.171  -61.895  -85.700  -74.745 -148.553
648  -77.666  137.730  -46.787  -83.161  -69.294 -143.236
649  -86.106  159.521  -51.352 -107.356  -64.880 -155.904
650  -54.663   -5.643  -61.608  -83.315  -79.351 -155.697
651  -47.645   19.571  -51.733  -94.455  -68.122 -167.529
652  -48.484 -127.022  -51.378  -83.991  -85.290 -150.350
653  -58.952 -104.000  -41.823  -88.070  -73.050 -157.550
654  -53.856  -79.333  -50.162  -87.546  -76.606 -171.580
655  -47.214  -99.249  -53.034  -83.874  -74.314 -150.816
656  -39.166 -157.753  -52.304 -103.059  -86.576 -139.358
657  -50.089 -102.985  -56.796  -95.388  -65.182 -148.799
658  -29.415 -116.229  -67.425  -87.761  -68.708 -159.600
659  -42.929 -116.216  -66.398  -96.113  -64.046 -152.808
660  -38.444  -99.421  -61.781  -82.042  -69.871 -161.559
661  -77.278  -14.040  -63.958  -80.416  -72.396 -155.013
662  -83.839  122.447  -36.229 -103.570  -62.600 -156.565
663  -46.386  -59.453  -62.511 -101.032  -66.679 -148.555
664  -64.539    9.671  -71.345  -77.945  -63.632 -160.301
665  -43.422    2.568  -61.729  -74.796  -62.727 -159.167
666  -57.579   -7.276  -69.222 -106.159  -58.219 -160.423
667  -54.312 -115.669  -59.008  -89.681  -65.018 -175.259
668  -26.066   91.290  -85.029  -94.650  -61.958 -166.277
669  -52.580  105.616  -63.004  -97.618  -64.702 -159.645
670  -29.850 -171.269  -57.132 -105.519  -58.733 -153.586
671  -37.881   89.112  -68.927  -88.528  -66.746 -169.195
672  -54.674  101.034  -45.472  -89.501  -84.762 -131.846
673  -49.855  -37.464  -64.394 -103.454  -97.016 -169.739
674  -63.461   -2.604  -57.266  -89.578  -65.673 -161.345
675  -55.669  114.362  -49.328 -107.203  -86.964 -140.705
676  -47.538 -143.587  -58.892  -82.935  -70.592 -173.828
677  -45.994   73.554  -55.372  -81.455  -79.914 -161.623
678  -40.789  -40.012  -37.352  -91.163  -77.688 -165.396
679  -76.460   70.647  -62.366  -93.451  -95.108 -145.841
680  -65.818  128.350  -51.294 -102.845  -73.882 -153.183
681  -65.299  119.954  -39.492  -90.415  -76.102 -151.629
682  -43.880 -115.781  -55.101  -73.306  -83.128 -161.910
683  -68.587    9.097  -53.392 -100.882  -88.864 -153.098
684  -59.525  119.326  -54.856  -79.239  -94.731 -144.797
685  -51.372 -102.169  -51.802  -99.047  -67.769 -162.695
686  -42.770  132.993  -50.832  -72.444  -81.393 -162.086
687  -47.728 -105.217  -35.804  -80.792  -93.395 -151.265
688  -35.958   17.668  -52.388  -85.638  -66.620 -175.383
689  -55.339    9.287  -51.592  -93.304  -72.579 -154.187
690  -58.412  137.720  -43.917  -77.753  -70.207 -148.498
691  -56.833  124.222  -57.125  -97.828  -61.768 -148.180
692  -49.122  160.094  -37.691  -83.075  -73.435 -170.476
693  -50.738  -26.766  -56.826  -69.938  -74.120 -160.464
694  -37.643  -40.971  -68.645  -99.707  -77.641  176.780
695  -48.953 -115.629  -77.956  -86.254  -98.844  174.516
696  -56.984   57.798  -83.279  -93.281  -97.315  152.146
697  -46.632  129.839  -82.066  -85.388  -94.017  168.117
698  -59.393  131.212  -71.150  -95.726 -115.333  172.494
699  -56.058   15.586  -79.817 -101.006  -94.338  176.898
700  -64.715  127.978  -47.469 -103.824 -100.495 -174.811
701  -54.769 -135.793  -69.517  -99.334 -110.550 -165.121
702  -51.589  118.844  -62.882  -95.482  -83.617  155.262
703  -50.304  -18.727  -80.779  -95.084  -88.041 -173.749
704  -59.700 -103.638  -55.658 -117.479  -94.505  178.451
705  -41.248  123.411  -90.089  -52.647  -87.663  161.160
706  -60.745   19.981  -48.361 -102.184 -112.683 -149.762
707  -64.703   -4.984  -83.552  -71.731  -52.761  140.203
708  -40.932   19.082  -53.809 -100.069  -93.146  170.904
709  -55.121 -104.442  -71.589  -62.283  -74.059 -171.877
710 -121.258    7.035 -110.327  -46.897  -74.674 -138.411
711  -57.324   -4.404  -72.322  -89.681  -70.491 -172.002
712  -27.741  -32.548  -85.547  -72.951  -77.988 -160.190
713  -29.237 -116.865  -70.200  -91.318  -63.106 -164.184
714  -55.877   14.141  -55.974  -93.022  -49.483 -160.038
715  -37.951  117.530  -50.044  -70.952  -67.695 -166.292
716  -53.350  -98.117  -74.724  -80.504  -48.346 -166.374
717  -30.603  -27.226  -70.879  -75.557  -62.017 -169.856
718  -50.606  117.323  -36.566  -80.440  -72.757 -178.164
719  -27.290    4.238  -58.304  -91.691  -83.683 -148.477
720  -31.026   -5.196  -60.731  -92.426  -63.485 -159.934
721  -39.581  122.083  -81.027  -76.661  -68.188 -178.117
722  -39.993   61.116  -76.797  -58.164  -52.305  177.840
723 -120.986  108.307  -67.151  -64.581  -62.575  165.747
724  -24.997  -96.958  -73.011  -69.969  -65.678 -176.847
725  -45.435  141.228  -53.633  -80.797  -72.778 -153.422
726  -44.429  -27.097  -76.126  -78.246 -165.664  -47.648
727  -38.378 -107.419  -82.720  -64.627  -71.965 -169.946
728  -91.102 -126.678  -85.226  -71.124  -66.438 -170.698
729  -50.318   21.649  -70.355  -57.115  -60.817 -177.622
730  -37.114  159.422  -52.201  -84.714  -63.005 -163.955
731  -70.864  150.505  -54.332  -72.245  -57.502 -165.238
732 -139.405    9.220 -112.832  -22.296  -67.309 -165.181
733  -37.979   -1.120  -48.545  -76.775  -78.991 -158.869
734  -49.974  151.372  -60.670  -56.096  -71.855 -178.262
735  -42.537  104.016  -29.316  -72.639  -51.952 -169.936
736  -47.682    9.522  -39.361  -58.458  -75.461 -174.757
737  -41.710   17.797  -32.700  -82.225  -61.807 -161.923
738  -71.510  -20.541  -52.604  -63.130  -53.822 -161.643
739  -51.060   39.691  -35.901  -88.917  -64.733  177.362
740  -37.714   52.911  -42.054  -87.616  -67.789 -140.176
741  -25.325   14.595  -63.366  -57.270  -65.550 -163.595
742  -22.989  -84.100  -48.171  -67.798  -59.259 -169.474
743 -116.126    4.176  -89.169  -67.191  -55.639 -165.547
744 -139.892  136.881 -107.537  -21.161  -76.333 -149.874
745 -135.259  -55.723  -97.884  -44.892  -53.215 -174.981
746 -127.426  -40.971 -128.270   -5.444  -81.767 -149.475
747 -130.018  106.858  -98.918  -45.453  -69.303 -168.212
748 -137.271  110.862  -89.622  -41.245  -61.841 -178.725
749 -127.495   44.168  -96.948  -30.306  -72.270 -160.655
750  -72.961 -120.810  -48.392  -82.190  -63.373 -166.608
751 -142.749 -145.047 -110.913  -40.705  -57.345 -171.249
752 -103.102  108.828  -78.400  -49.282  -72.453 -157.841
753  -78.859   -6.229  -64.466  -94.831  -72.902 -154.814
754 -128.422  102.310  -84.709  -74.084  -41.006 -156.380
755  -67.109 -112.461  -38.757  -89.548  -53.070 -159.645
756  -84.402  -98.340  -65.366  -69.120  -61.796 -151.043
757  -88.980   72.468  -51.506  -60.646  -93.045 -150.716
758  -63.547 -178.190  -28.271  -93.557  -66.293 -166.551
759  -47.311  114.104  -53.225  -67.625  -71.145 -176.995
760  -62.744  103.959  -34.348  -69.828  -72.540 -163.775
761  -70.979 -110.961  -49.307  -81.731  -65.402 -161.009
762  -69.453  168.217  -55.029  -70.190  -57.592 -163.970
763  -54.865 -163.580  -46.257  -69.027  -67.928 -170.221
764  -38.854  154.895  -26.521  -89.751  -56.904 -172.703
765  -46.092   32.347  -62.446  -70.841  -61.967 -162.725
766  -53.818   88.055  -50.473  -87.975  -59.247 -168.217
767  -68.028  123.598  -56.719  -75.544  -82.184 -140.791
768  -61.078 -108.669  -45.875  -75.960  -67.569 -168.331
769  -65.173  112.110  -41.763  -76.707  -66.372 -165.994
770  -72.614   17.497  -61.455  -55.419  -61.157  178.343
771  -58.915  -32.894  -35.885  -74.190  -78.721 -154.552
772  -56.516   14.025  -59.938  -50.134  -69.021 -160.755
773  -75.177   72.921  -44.271  -76.000  -63.266  178.670
774  -41.386  115.660  -63.613  -63.682  -84.629 -158.105
775  -68.022  172.085  -57.426  -66.672  -76.005 -168.777
776  -54.530  115.919  -34.822  -75.658  -83.831 -161.061
777  -54.916  -32.010  -50.776  -69.865  -91.640 -146.505
778 -124.679   -0.677  -71.164  -53.095  -59.001 -165.564
779  -69.439  119.813  -31.562  -94.305  -73.255 -158.316
780  -53.913  -12.574  -41.932  -93.438  -64.661 -156.009
781  -86.357   -6.650  -39.358  -81.047  -66.878 -170.691
782  -44.083  -90.689  -45.899  -78.807  -75.402 -157.181
783  -53.189  -82.500  -66.896  -63.554  -70.136 -169.328
784  -78.059   16.430  -60.991  -62.297  -85.450 -156.721
785  -46.543  -82.173  -71.331  -56.184  -77.566 -171.457
786  -37.332 -104.401  -75.720  -65.623  -77.282 -166.442
787  -66.168  -59.276  -29.464  -73.069  -70.558 -165.935
788  -50.937  -99.306  -60.743  -73.768  -52.463 -168.414
789  -35.868 -106.981  -37.391  -74.585  -70.773 -145.048
790  -44.058   74.774  -36.953  -79.478  -58.626 -153.576
791  -39.806  -23.438  -54.027  -53.548  -68.088 -163.788
792  -38.534 -131.847  -64.240  -66.717  -62.674 -155.830
793  -44.831  122.727  -40.730  -56.251  -72.493 -161.393
794  -39.060 -103.408  -45.688  -74.343  -62.912 -167.107
795  -36.034   21.890  -24.010  -80.930  -60.116 -166.891
796  -60.045   18.609  -43.758  -66.660  -45.997  171.109
797  -77.938   45.233  -58.235  -68.845  -59.196 -168.689
798  -47.515  -89.026  -37.111 -138.925   60.893  158.460
799  -45.694  -79.928  -50.632 -116.162   82.681  154.237
800  -41.244   64.615  -63.780 -110.541   66.851 -176.131
801  -45.441   67.285  -65.875 -119.481   79.688  174.763
802  -59.373  -91.847  -41.727 -121.672   57.224 -179.867
803  -78.879   27.877  -58.456 -117.271   77.272  155.575
804  -79.303 -100.592  -62.940 -104.982  108.518 -177.719
805  -57.731 -139.555  -70.826  -96.198   91.793 -133.470
806  -45.960  114.060  -83.444  -71.874  164.688 -177.506
807  -61.784   10.471  -56.751 -118.007   74.320  164.163
808  -37.404  -11.892  -61.861 -106.961  100.037 -151.234
809  -63.836  -97.398  -57.255 -115.723   80.406  176.743
810  -58.202   16.242  -57.480  -97.945  111.242 -153.674
811  -52.466 -106.423  -57.563  -86.662  114.106 -160.840
812  -68.804 -138.716  -46.549 -111.209  111.524 -172.530
813  -33.276  166.542  -48.327  -83.013  136.132  160.198
814  -65.413 -157.204  -33.639 -115.364  110.189 -159.018
815  -50.278    7.662  -35.971  -95.142   87.333 -169.839
816  -42.725   16.623  -56.133  -90.177   96.240 -163.955
817  -38.912 -111.216  -51.710  -93.941  107.465 -157.539
818  -45.428  -68.453  -35.201 -101.878  126.567 -160.362
819  -37.850 -109.811  -32.303 -107.037 -155.306 -177.349
820  -31.169  161.019  -36.983  -81.825  -46.121   20.465
821  -37.298  118.768  -31.137 -104.688  145.926  169.516
822  -38.297   26.061  -44.847  -96.269  135.892  154.948
823  -59.615   76.723  -40.760 -106.239  116.238  174.412
824  -52.004   33.887  -50.661  -76.100  133.088 -173.947
825  -57.733   85.624  -55.609 -103.161   74.512 -176.704
826  -41.990   93.395  -41.916  -99.498  121.163 -179.826
827  -50.794  137.960  -53.774 -103.104   97.811 -173.763
828  -43.597 -142.603  -40.245 -105.015   94.309 -163.134
829  -39.019 -134.759  -48.694  -81.557  162.082  144.904
830  -57.405  104.876  -73.576  -97.712   85.450 -147.955
831  -99.514  -13.469  -56.968  -93.100  151.728  170.812
832  -79.115 -115.714  -47.236  -87.820  153.942  156.489
833  -54.346   20.189  -39.518  -87.442  103.828 -153.850
834  -37.297  -84.777  -35.018 -110.609  120.560  176.529
835  -71.422  143.612  -34.934  -95.762   86.924 -149.240
836  -47.612  -36.276  -43.164  -94.150  129.395  174.428
837  -69.487   29.030  -34.114  -93.560  132.600 -177.077
838  -51.889  -91.280  -35.168  -81.659  135.468  178.485
839  -65.944 -138.459  -20.634  -73.628  137.875  165.325
840  -49.293 -135.822  -37.854  -79.278  139.944  165.699
841  -50.268  136.728  -19.754  -77.839  118.279  176.160
842  -52.619  145.691  -45.866  -85.616  156.089  140.884
843  -37.802  -84.571  -50.177  -87.869   86.550 -158.165
844  -40.539   28.646  -57.042  -43.044  -87.195   -7.573
845  -47.981  -97.098  -46.628  -95.353  -89.235    4.418
846  -27.481  -43.044  -54.115  -91.889  -80.569   -2.025
847  -51.303  148.382  -52.375  -61.250  -93.236  -12.702
848  -65.443  -15.464  -54.773 -111.113  131.130 -175.128
849  -53.418   77.195  -66.117 -100.723   97.097 -167.004
850  -43.803  146.644  -29.025 -115.359   77.681 -139.975
851  -56.066   -6.064  -54.484 -107.609   77.966 -168.555
852  -48.698   29.020  -51.421 -101.523   73.042 -152.694
853  -33.840  -19.451  -47.400 -109.618  175.992  153.177
854  -42.245  136.435  -27.016 -116.606  103.006  152.293
855  -38.265  148.562  -47.683 -109.583   78.871 -168.883
856  -59.774  -28.138  -56.918  -93.690   72.524 -149.853
857  -45.871  133.299  -45.502  -83.350   75.238 -173.984
858  -43.839  126.065  -44.224  -94.044   72.904 -129.708
859  -53.304  126.337  -17.884 -112.902   70.681 -170.901
860  -47.951 -165.880  -37.848 -123.316  109.231  150.613
861  -49.326  -33.579  -27.397 -123.237   93.387 -167.168
862  -80.463 -128.328  -39.394  -92.279  105.844  176.129
863  -40.132   30.799  -37.208 -110.709   96.811  178.414
864  -51.121 -157.098  -59.160 -115.138  104.658 -179.476
865  -35.174 -139.850  -61.789  -91.259  155.130  173.640
866  -49.807  135.194  -69.912  -78.653  123.151 -168.352
867  -46.958 -103.463  -54.058  -88.695  141.661 -169.997
868  -44.060    5.030  -58.911 -124.303   83.483 -141.857
869  -61.405  -86.728  -49.620 -114.494  112.649  177.235
870  -61.641  162.293  -65.628  -87.589  139.446 -163.526
871  -37.882  -28.092  -59.679 -114.796  115.913 -148.396
872  -78.286  104.923  -61.965  -93.213  153.385  155.608
873  -54.199 -123.637  -60.523  -85.240  156.173  169.052
874  -49.435  115.570  -30.923 -115.754   99.694 -156.629
875  -49.677   60.407  -64.040 -106.737  137.537  176.676
876  -65.400  -74.887  -59.584 -108.046  101.461 -158.514
877  -59.212  -96.063  -86.192  -74.244  130.408 -174.765
878  -53.506 -102.793  -60.163  -89.405  110.247 -157.492
879  -32.241   -0.851  -67.419 -110.143  136.439 -174.983
880  -49.045   -8.704  -61.192  -97.421  147.273  173.683
881  -42.012 -104.263  -76.716 -100.499  110.899 -146.508
882  -29.937 -131.205  -64.265  -89.296  110.254 -158.799
883  -49.405 -125.243  -66.531 -102.502   95.435 -138.787
884  -57.973   22.752  -80.070 -100.628  133.311 -165.840
885  -35.015   10.535  -43.125 -130.905  119.580  174.235
886  -47.421 -128.659  -71.282 -100.368  101.833 -171.460
887  -66.197 -156.983  -50.865 -106.135  130.935 -178.194
888  -71.018 -175.627  -56.160 -105.280  156.463  167.277
889  -58.160  124.471  -60.585  -99.158  134.163 -156.816
890 -140.260 -147.951 -114.695  -50.291  134.655 -164.688
891  -60.176 -116.211  -61.973  -98.713  -68.420   62.855
892  -53.280  141.834  -76.807  -71.764  150.800  167.235
893  -45.504  175.698  -79.412  -85.778  147.135 -178.144
894  -55.407   82.046  -62.658 -114.375  106.917 -162.198
895  -26.897  105.255  -59.163 -120.300  131.117  178.709
896  -50.435  139.533  -76.023  -94.298  140.499 -175.364
897  -52.948 -125.707  -67.267 -107.335  121.906 -168.399
898  -55.372  -23.902  -59.357  -93.446   92.905  178.834
899  -62.619 -140.845  -42.562 -113.470   79.832 -157.268
900  -49.728  -34.283  -38.390 -116.117   75.810 -128.010
901  -62.414 -147.342  -56.598 -113.494   86.352 -168.069
902  -50.645 -116.980  -58.482  -97.049   96.720 -175.288
903  -55.722  109.530  -49.869 -113.938   97.330 -175.045
904  -69.075   34.574  -54.364  -85.559  112.562 -179.285
905  -68.607 -138.800  -54.045 -102.573  105.955 -152.392
906  -64.617  -36.592  -52.458  -97.170   94.800 -154.013
907  -54.220  -67.204  -43.585 -101.615   78.704 -150.345
908  -63.891 -160.086  -46.259 -106.155   93.832 -170.885
909  -53.061    5.721  -61.291 -104.673   87.428  171.548
910  -55.774  170.133  -55.514 -119.220   82.718 -146.483
911  -54.896  -16.169  -78.191  -88.535   77.056 -162.266
912  -43.537  -48.138  -56.950  -84.878   82.014 -176.604
913  -56.781   17.155  -48.741 -115.407   75.377  141.763
914  -38.771  178.621  -56.839  -96.949   59.215 -169.555
915  -38.546 -143.653  -68.591 -112.137   66.208  173.568
916  -52.544   94.227  -41.686 -128.135   70.239  175.386
917  -55.610  -55.466  -28.034 -148.184   77.793 -172.095
918  -40.117  110.479  -69.159 -126.723   71.429 -179.139
919  -34.548  -13.295  -64.466 -101.197   86.248 -170.680
920  -38.439   78.567  -65.059  -92.959   66.082 -160.273
921  -50.492    6.943  -83.894  -93.066   77.300 -167.612
922  -49.515 -143.654  -74.448  -94.785   78.009  175.588
923  -44.587   83.913  -61.339 -105.977  116.399  168.670
924  -49.029  -45.367  -50.769  -93.022   58.474 -172.777
925  -38.198  -18.267  -62.090  -92.320   93.881 -174.882
926  -64.639 -108.013  -52.288 -105.775   61.035 -148.849
927  -70.828 -123.103  -84.508  -84.088   94.359 -175.133
928  -57.737  -13.573  -71.375  -90.437   94.963 -175.843
929  -42.715  115.972  -54.049  -99.419   80.858 -154.771
930  -44.317  -97.268  -79.408  -91.340   90.309 -173.900
931  -43.988  -97.102  -57.302 -111.903  146.815 -179.615
932  -44.415   25.294  -48.429  -72.272  -80.068   14.365
933  -53.276 -129.237  -80.423  -69.896  -72.358    6.974
934  -78.884  135.432  -79.566  -69.407  -86.311   10.189
935  -46.552  164.351  -68.335  -77.935  -72.184  -28.465
936  -53.326  103.869  -61.937  -77.911  -70.263   14.749
937  -64.703 -134.038  -84.504  -69.904  -76.924  -15.708
938  -51.215   44.666  -56.288  -71.255  -80.669   -5.591
939  -45.118   84.388  -75.931  -61.587  -53.160  -20.749
940  -45.698  127.052  -75.023  -57.377  -64.777    4.745
941  -62.154  -85.105  -51.560  -70.903  -73.079   10.217
942  -34.330 -117.023  -54.580  -88.578  -86.672   45.625
943  -53.152  106.918  -69.211  -62.535  -74.123    8.948
944  -43.167  -28.979  -58.217  -70.519  -71.926   23.790
945  -51.463  107.900  -85.909  -76.317  -42.212    4.748
946  -66.106  -24.521  -44.892  -80.726  -68.785    6.212
947  -90.699  -47.932  -44.431  -71.287  -61.272   -5.668
948  -63.690   94.330  -57.399  -70.202  -94.007   16.265
949  -38.848  105.703  -53.000  -72.970  -59.405  -10.038
950  -57.015   98.556  -52.860  -86.403  100.681 -157.231
951  -48.087  -19.925  -54.315  -80.136   98.741 -169.243
952  -36.906 -107.520  -56.554  -94.380   79.463 -147.030
953  -54.061 -101.102  -44.843 -104.581   79.170 -155.263
954  -47.214   -0.649  -41.044  -82.111   99.934 -164.022
955  -39.343   43.606  -56.817 -103.985  126.225 -166.262
956  -42.877   21.732  -68.919  -99.340  132.160  179.472
957  -43.661 -108.431  -74.487  -95.319  147.085 -173.938
958  -56.248  100.082  -71.232  -81.763   85.993 -155.206
959  -48.472  109.849  -77.571 -104.287  171.671  137.558
960  -63.638  132.282  -50.605  -80.261 -121.033  147.834
961  -57.699    7.727  -58.390  -88.048  -65.645 -179.918
962  -53.984  102.248  -36.715  -94.709  -62.779 -153.679
963  -46.101   14.153  -35.998  -94.788  -69.139  173.632
964  -49.278  134.667  -42.939  -82.409  -77.739 -141.543
965  -69.289   -4.234  -37.920  -80.828  -62.397 -161.627
966  -55.858  146.171  -48.102  -88.756  -71.399 -163.973
967  -35.626   10.259  -48.784  -88.240  -71.016 -157.169
968  -51.018  130.066  -42.809  -96.913  -64.035 -161.882
969  -57.762   -4.613  -52.692  -69.659  -74.896 -168.206
970  -42.060  138.774  -36.231  -93.832  -55.621 -160.624
971  -45.783   59.325  -72.927  -70.845  -54.716  179.488
972  -40.188  111.421  -49.190  -99.343  -67.134 -175.138
973  -34.922  -30.897  -60.139  -85.519  -64.552 -173.463
974  -30.801   37.459  -48.788  -82.730  -59.632 -156.043
975  -41.149 -115.732  -70.915  -82.026  -70.009 -171.535
976  -53.930  -70.343  -50.723  -81.938  -63.128 -178.226
977  -51.830   -7.060  -53.641  -67.691  -71.191 -174.720
978  -55.431  118.237  -58.037  -72.272  -74.259 -146.049
979  -48.571   -7.611  -55.697  -79.759  -68.403 -157.624
980  -49.548   93.105  -62.448  -68.911  -73.114 -155.983
981  -58.948   18.815  -56.271  -78.919  -64.399 -146.170
982  -58.972  175.373  -59.771  -59.527  -64.335 -177.171
983  -51.406 -133.378  -38.073  -99.722  -66.258 -140.356
984  -52.138   37.915  -55.301  -71.269  -52.507  173.384
985  -61.273 -127.129  -40.086  -77.326  -71.000 -169.836
986  -63.987  151.540  -47.153  -78.285  -41.579 -176.322
987  -50.629  144.720  -67.518  -78.920  -58.031 -176.699
988  -44.375  135.032  -62.121  -73.610  -56.566 -165.935
989  -60.964   -4.054  -60.211  -67.488  -62.512 -159.163
990  -57.986  143.951  -44.583  -74.497  -79.812 -146.304
991  -43.187   33.889  -43.160  -71.840  -68.054 -176.578
992  -66.408   12.090  -45.242  -82.622  -71.072 -169.647
993  -63.323  116.196  -44.975  -78.005  -77.924 -169.885
994  -72.729  -95.846  -41.913  -82.896  -47.487 -170.862
995  -63.532  105.152  -57.796  -66.775  -53.088  160.884
996  -51.978  -77.304  -67.568  -64.464  -65.931 -162.582
997  -94.381   34.292  -45.931  -53.858  -64.428 -167.286
998  -23.179 -129.198  -51.396  -75.476  -74.652 -157.203
999  -49.086 -125.073  -54.256  -59.300  -74.742 -150.082
1000  -49.275  -33.535  -47.247  -93.816  -70.953 -149.362
